# T=0.2 g=1.94 z=3/16 P=16
0.07371878273517596 0.00032815534360250073
0.37114728949533493 0.001700543659893257
0.1751019169051955 0.0007905966361250946
0.5414356438946601 0.0025975147004957296
0.7658363191150075 0.003624186111990991
0.9902369943353548 0.004561581748573618
1.2146376695557017 0.005358686881722113
1.439038344776049 0.005991588357442016
1.6634390199963964 0.006594199838102277
1.8878396952167438 0.007034201871600247
2.112240370437091 0.00735463813512594
2.3366410456574385 0.007594726201230266
2.561041720877786 0.0077611617530316725
2.785442396098133 0.00784724910741171
3.0098430713184805 0.00789985804619951
3.234243746538828 0.00789985804619951
3.458644421759175 0.00789985804619951
3.6830450969795216 0.00789985804619951
3.907445772199869 0.00786159699980838
4.131846447420216 0.00780898806102058
4.356247122640564 0.0077946401686239085
4.580647797860911 0.0077946401686239085
4.805048473081259 0.0077611617530316725
4.958048933458768 0.007742031229836108

