# T=0.4 g=1.94 z=3/16 P=16
0.03203370327354027 0.001171664683137133
0.10518292682926811 0.004126143301644666
0.16436798296554378 0.006298541747322237
0.22947154471544695 0.008539682539682542
0.30641211769260535 0.010914600347817542
0.39518970189701896 0.013158308957428203
0.5017228029423151 0.015631367488278057
0.6260114208284939 0.017588420011184238
0.7562185443283005 0.018917991373275926
0.8864256678281068 0.019654516516305134
1.0166327913279132 0.01997973541062972
1.14683991482772 0.020008431195423067
1.2770470383275263 0.020008431195423067
1.4072541618273327 0.019893648056249682
1.537461285327139 0.0197788649170763
1.6676684088269458 0.01962582073151179
1.7978755323267521 0.019587559685120663
1.9280826558265585 0.01952060285393619
2.0582897793263655 0.019405819714762806
2.188496902826172 0.019415384976360587
2.318704026325978 0.019415384976360587
2.4489111498257845 0.019415384976360587
2.579118273325591 0.019405819714762806
2.709325396825397 0.019415384976360587
2.8395325203252035 0.019415384976360587
2.9519841269841276 0.019491109964009695

