# T=0.4 g=1.94 z=8/16 P=16
0.016587798002514365 0.00007554661034800403
0.05239840628834935 0.00021852698112199108
0.08162438213039097 0.0003781377930590739
0.11328585595926938 0.0005236103690682056
0.14380490547473468 0.00066730945056271
0.1748951671469065 0.000815558458499217
0.20427179234895865 0.0009535264511965572
0.2336484175510108 0.001091556978961409
0.2645210745920563 0.0012364551078403799
0.29988182715008205 0.0013857827345180075
0.32667439735750925 0.0015114142954805298
0.35972310070981794 0.001654134327958072
0.3869236796006069 0.0017871856051974288
0.42010838584736965 0.0019282380358746649
0.4576451847166584 0.0020756106773750643
0.4886538446521579 0.002211374586876258
0.5256466319436309 0.0023543870055361196
0.5582873266125777 0.002489868534465794
0.599142596106543 0.002635439610154595
0.6485932485299973 0.002789776611573572
0.6975542905334176 0.002928624017870309
0.7416192283364959 0.0030613667887766094
0.7881322182397451 0.0032004614549402833
0.8395413123433363 0.003337133550488601
0.8933984585470985 0.0034591929062613115
0.9472556047508608 0.0035755217758475085
1.001112750954623 0.003664917360357101
1.0549698971583852 0.003753739896248041
1.1088270433621474 0.0038282362166726994
1.1626841895659097 0.0038947098564362428
1.2165413357696724 0.003945711183496201
1.2703984819734346 0.003990982024369648
1.3242556281771969 0.004040837254192304
1.3781127743809591 0.0040757932199300285
1.4319699205847214 0.0041004343105320315
1.4858270667884836 0.004121064060803475
1.539684212992246 0.004136536373507058
1.5935413591960081 0.004148570394498735
1.6473985053997704 0.0041571661237785025
1.7012556516035326 0.004164615755820969
1.755112797807295 0.004168054047532876
1.8089699440110572 0.004168054047532876
1.8628270902148194 0.004166907950295573
1.9166842364185817 0.0041571661237785025
1.970541382622344 0.004149716491736036
2.024398528826106 0.004143986005549525
2.0782556750298684 0.004160031366871759
2.1321128212336307 0.004152008686210642
2.185969967437393 0.004142839908312222
2.239827113641155 0.004135390276269755
2.2936842598449174 0.004125075401134035
2.3475414060486797 0.004118771866328871
2.401398552252442 0.004107883942574497
2.455255698456204 0.004105018699481241
2.5091128446599664 0.004096422970201474
2.5629699908637287 0.004092411629870915
2.616827137067491 0.004088400289540355
2.670684283271253 0.004079804560260587
2.7245414294750154 0.004079804560260587
2.7783985756787777 0.0040735010254554236
2.83225572188254 0.0040712088309808195
2.886112868086302 0.0040712088309808195
2.9399700142900644 0.004068916636506214
2.9938271604938267 0.004059747858607794
3.047684306697589 0.004062613101701051
3.1015414529013516 0.004064905296175656
3.155398599105114 0.004063186150319701
3.209255745308876 0.004062613101701051
3.2631128915126384 0.004059747858607794
3.3169700377164006 0.004062613101701051
3.370827183920163 0.004056882615514538
3.424684330123925 0.004055163469658584
3.4785414763276874 0.004059174809989143
3.5323986225314497 0.004055163469658584
3.586255768735212 0.004056882615514538
3.640112914938974 0.00405344432380263
3.6939700611427364 0.004064905296175656
3.7478272073464987 0.004056882615514538
3.801684353550261 0.004055163469658584
3.8555414997540227 0.004056882615514538
3.9093986459577854 0.004060893955845097
3.963255792161548 0.004059747858607794
4.01711293836531 0.004055163469658584
4.070970084569073 0.004060893955845097
4.124827230772834 0.004056309566895887
4.178684376976597 0.004059174809989143
4.232541523180359 0.004056309566895887
4.286398669384122 0.004061467004463748
4.340255815587883 0.004063186150319701
4.394112961791646 0.004056309566895887
4.447970107995408 0.004058601761370493
4.501827254199171 0.00405344432380263
4.555684400402932 0.004064905296175656
4.609541546606695 0.004055163469658584
4.663398692810457 0.004055736518277236
4.71725583901422 0.004060320907226446
4.771112985217981 0.004058601761370493
4.824970131421744 0.004054017372421283
4.878827277625506 0.004056882615514538
4.932684423829269 0.004064905296175656
4.979197413732518 0.0040577421884425155

