# T=0.2 g=1.94 z=8/16 P=16
0.04751683107937199 0.00002258926263230647
0.10110601760896454 0.000057856194957172594
0.15686773872759463 0.00009338193475001396
0.21262945984622472 0.0001247252382675845
0.2683911809648548 0.0001562977612326157
0.3241529020834849 0.0001876156868827884
0.3842596923801901 0.0002123591075952648
0.4537807992293913 0.000257069179463317
0.5167843023114798 0.0003006912775968158
0.5725460234301099 0.00033373326094824534
0.6283077445487399 0.00036988607965806773
0.68406946566737 0.00040312289953983857
0.7398311867860001 0.00043691639522258456
0.7955929079046302 0.00046992399565689517
0.8513546290232603 0.0005029315960912058
0.9071163501418904 0.0005362830256967072
0.9628780712605205 0.0005699782844733993
1.0186397923791506 0.0006028139703221141
1.0744015134977807 0.0006366811436844017
1.1301632346164106 0.0006698606587043077
1.1859249557350406 0.0007020086862106413
1.2416866768536707 0.0007346724574737611
1.2974483979723008 0.0007666485703944994
1.353210119090931 0.0007984527687296423
1.408971840209561 0.000829741223307999
1.464733561328191 0.0008601701049583792
1.5204952824468212 0.0008902551574375686
1.5762570035654515 0.0009198244661599718
1.6320187246840816 0.0009487061165399935
1.6877804458027117 0.0009767281939920382
1.7435421669213418 0.0010045783568584875
1.7993038880399719 0.0010320846905537465
1.855065609158602 0.001058215707564242
1.910827330277232 0.0010845186391603336
1.9665890513958622 0.0011092743394860664
2.022350772514492 0.0011336862106406083
2.078112493633122 0.0011586138255519369
2.133874214751752 0.0011827964772590186
2.189635935870382 0.001207032340623546
2.245397656989012 0.001229700506695621
2.298624754420432 0.0012425998311014607
2.3670595939751142 0.0012625648449752684
2.4228213150937443 0.001285372179997587
2.4785830362123744 0.0013068041983351434
2.5343447573310045 0.0013246833152370616
2.5901064784496346 0.0013418747737965985
2.6458681995682647 0.0013578628302569676
2.701629920686895 0.0013736789721317411
2.757391641805525 0.0013886355410785384
2.813153362924155 0.0014035921100253351
2.868915084042785 0.0014170014477017739
2.924676805161415 0.0014300669562070218
2.9804385262800452 0.0014429605501266745
3.0362002473986753 0.00145499457111835
3.0919619685173054 0.0014659971045964536
3.1477236896359355 0.0014768277234889617
3.2034854107545656 0.0014873145132102792
3.2592471318731957 0.0014969417300036197
3.315008852991826 0.001505881288454579
3.370770574110456 0.001514820846905538
3.426532295229086 0.0015225570032573294
3.482294016347716 0.0015285740137531674
3.538055737466346 0.0015339033659066237
3.5938174585849763 0.001542499095186392
3.6495791797036063 0.001550922909880565
3.7053409008222364 0.0015591748099891426
3.7611026219408665 0.0015617535287730732
3.8168643430594966 0.001566395222584148
3.8726260641781267 0.0015706930872240322
3.928387785296757 0.0015753347810351073
3.984149506415387 0.0015791169019182053
4.0399112275340165 0.001582727108215708
4.095672948652647 0.0015861653999276152
4.151434669771277 0.0015899475208107133
4.207196390889907 0.001593557727108216
4.262958112008537 0.0015945892146217882
4.318719833127167 0.0015964802750633373
4.374481554245797 0.0015983713355048864
4.430243275364427 0.00160009048136084
4.486004996483057 0.0016021534563879845
4.541766717601687 0.0016021534563879845
4.5975284387203175 0.0016035287730727474
4.653290159838948 0.0016054198335142965
4.709051880957578 0.0016059355772710825
4.764813602076208 0.0016059355772710825
4.820575323194838 0.0016059355772710825
4.876337044313468 0.0016059355772710825
4.932098765432098 0.0016059355772710825
4.977721991801886 0.0016059355772710825

