# T0 0.400000 P 16.000000 z 0.500000 g 1.941626 alpha 0.010000 t0 0.300000 t1 0.000000 Process Q_GQ
t Rate 
0 0 0
0.010000000000000002 0.0001500481985176826 -1.3938274334326592e-05
0.02000000000000001 0.0003262602967003167 -2.197379196403412e-05
0.03000000000000002 0.0005039016695625998 -1.6527465542644758e-05
0.04000000000000003 0.0007104336997303401 -1.843807222334532e-05
0.05000000000000004 0.0009087675554142708 -2.3729934908773664e-05
0.060000000000000046 0.001116136780743499 -1.878479795325511e-05
0.07000000000000005 0.0013399251710413675 -1.95971383182478e-05
0.08000000000000006 0.0015550665567893973 -2.4479309453550235e-05
0.09000000000000007 0.001769434665085381 -2.275276659691682e-05
0.10000000000000007 0.001995794452216889 -2.451133186468597e-05
0.11000000000000008 0.002204006398230607 -2.562055991481337e-05
0.12000000000000009 0.002415177477009132 -1.859902527661739e-05
0.1300000000000001 0.0026427195121500285 -2.357704978067426e-05
0.1400000000000001 0.0028461312635985766 -2.2111018940314166e-05
0.1500000000000001 0.0030615589755017296 -2.0709273255984945e-05
0.16000000000000011 0.0032762627987201853 -2.0143187867528636e-05
0.17000000000000012 0.0034683094159652927 -2.3113720763227267e-05
0.18000000000000013 0.0036742054976748512 -1.6561853631700922e-05
0.19000000000000014 0.003884305378575267 -1.5253275792662807e-05
0.20000000000000015 0.004087483419821015 -2.2992507494865033e-05
0.21000000000000016 0.004303927888879046 -1.6775867144238482e-05
0.22000000000000017 0.004514921681089658 -2.275456858413013e-05
0.23000000000000018 0.004715585549314877 -1.615608639989486e-05
0.24000000000000019 0.004924682442002864 -1.6821071667528012e-05
0.25000000000000017 0.005115762715361403 -2.086337259518071e-05
0.2600000000000002 0.005297079246820216 -1.6641146478112157e-05
0.2700000000000002 0.005479310012073082 -1.825590834376653e-05
0.2800000000000002 0.005659975523402227 -2.175433499408859e-05
0.2900000000000002 0.005827169217069508 -1.665802174570779e-05
0.3000000000000002 0.006020375700913337 -1.4776746867184616e-05
0.3100000000000002 0.0061942417354475246 -2.2214907234643748e-05
0.32000000000000023 0.006363283276149728 -1.3846071561611321e-05
0.33000000000000024 0.00654801031221849 -1.7861516437473607e-05
0.34000000000000025 0.006708000975923385 -1.8466319422641084e-05
0.35000000000000026 0.006864319260376701 -1.0664922823309594e-05
0.36000000000000026 0.007036777559679487 -1.3822796488360649e-05
0.3700000000000003 0.007181221295607937 -1.4559095081377593e-05
0.3800000000000003 0.00733940416655378 -1.0198508797091589e-05
0.3900000000000003 0.007488075021627808 -1.2096484601274542e-05
0.4000000000000003 0.007618305084583432 -1.3754389550610022e-05
0.4100000000000003 0.0077533194915205585 -6.092428848122021e-06
0.4200000000000003 0.00788950802199758 -1.3800180996462186e-05
0.4300000000000003 0.008005563291579802 -1.228773720820045e-05
0.44000000000000034 0.00813890420564223 -1.1985038582002991e-05
0.45000000000000034 0.008277981196638909 -1.6370259772137755e-05
0.46000000000000035 0.008392593952167366 -1.1810891180538338e-05
0.47000000000000036 0.008526460760023793 -1.2780623886068238e-05
0.48000000000000037 0.008644856208793896 -1.241239797099801e-05
0.4900000000000004 0.008742078595111778 -1.09980815795694e-05
0.5000000000000003 0.00885203564731371 -1.0727171907464264e-05
0.5100000000000003 0.008942383181161872 -1.0164482599188049e-05
0.5200000000000004 0.009028639945261766 -8.990790526113707e-06
0.5300000000000004 0.009128609767078862 -7.356772363374675e-06
0.5400000000000004 0.009214561699864203 -8.555654187780704e-06
0.5500000000000004 0.009302423162632618 -6.2683089278505605e-06
0.5600000000000004 0.009399633984826678 -8.710328656602248e-06
0.5700000000000004 0.009479240309113235 -1.3852194757160013e-05
0.5800000000000004 0.009549646486907221 -1.2328060822758974e-06
0.5900000000000004 0.009638507189149296 -6.193515656321286e-06
0.6000000000000004 0.00970888418703922 -1.042775442038242e-05
0.6100000000000004 0.009779677325874748 -4.957884673865293e-06
0.6200000000000004 0.009857620061228665 -9.384615477127031e-06
0.6300000000000004 0.00990982666109358 -9.367715361783407e-06
0.6400000000000005 0.009964721236466518 -6.200409670335458e-06
0.6500000000000005 0.010022710756302892 -5.27261149370524e-06
0.6600000000000005 0.010056288407603454 -7.55552554598804e-06
0.6700000000000005 0.010109531565892739 -4.973075790839013e-06
0.6800000000000005 0.010161782270464005 -8.057473780789456e-06
0.6900000000000005 0.010206002688587576 -7.516211903164233e-06
0.7000000000000005 0.010265556384082894 -2.009683347268393e-06
0.7100000000000005 0.010316695447743213 -3.780268937042877e-06
0.7200000000000005 0.010357242045085629 -5.115648488374092e-06
0.7300000000000005 0.010399237121809703 -1.1675562489078806e-06
0.7400000000000005 0.010431485676413143 -3.0743416437328808e-06
0.7500000000000006 0.01045031096885667 -4.833370027018669e-06
0.7600000000000006 0.010482203284702256 1.8770266571859623e-06
0.7700000000000006 0.010512595850423159 -5.705350701339443e-06
0.7800000000000006 0.010527626174268194 -1.6248238695355105e-06
0.7900000000000006 0.010567147950626242 -3.4822026435312597e-06
0.8000000000000006 0.010587598083545145 -7.44570337638667e-06
0.8100000000000006 0.010603713377108144 9.96310271970946e-07
0.8200000000000006 0.010639076983351677 -5.914174426751781e-06
0.8300000000000006 0.010649357904975993 -4.892184308429026e-06
0.8400000000000006 0.01067119464737262 -8.959708733026484e-07
0.8500000000000006 0.010701139672050832 -2.8392923047213664e-06
0.8600000000000007 0.010711314025622377 -4.915869168922032e-06
0.8700000000000007 0.010723569223435472 2.2960173763665603e-06
0.8800000000000007 0.010741784915977453 -1.6896234524624298e-06
0.8900000000000007 0.010733495450968435 -6.950567287573178e-07
0.9000000000000007 0.01073299503390676 7.98619366290318e-06
0.9100000000000007 0.01074835133864332 -1.4000386266144194e-06
0.9200000000000007 0.010746594777031576 -1.6418827010825088e-07
0.9300000000000007 0.01076230209835369 2.5343152374474737e-06
0.9400000000000007 0.010783963230204176 -7.865626540197457e-07
0.9500000000000007 0.010786019549808299 -5.053586834818241e-07
0.9600000000000007 0.01080466562237763 1.0747333399289266e-06
0.9700000000000008 0.010811442362155603 -9.075268385620033e-07
0.9800000000000008 0.010797872207704975 -9.489279526094657e-07
0.9900000000000008 0.010806548412365896 1.2037627226298142e-06
1.0000000000000007 0.01080050358728141 -1.9074679005019746e-06
1.0099999999999996 0.010788470213869809 1.6871599497064738e-06
1.0199999999999985 0.01080029443119565 9.67528690521205e-07
1.0299999999999974 0.010793786394241686 -1.6912483176423354e-06
1.0399999999999963 0.01078850204572136 2.638040552272597e-07
1.0499999999999952 0.010792739883841345 2.866784587883184e-06
1.059999999999994 0.010787115337620093 1.8934083097534027e-06
1.069999999999993 0.010785350807104533 2.446369842635382e-06
1.0799999999999919 0.010797537427286745 1.314630609797543e-06
1.0899999999999908 0.010795376659906732 -1.188773308071281e-06
1.0999999999999897 0.010791970346187753 5.574598084229221e-06
1.1099999999999886 0.010802902512652725 1.1175273455510393e-06
1.1199999999999875 0.010783694656977903 1.182662130510756e-06
1.1299999999999863 0.010772073097422627 7.066650535137928e-06
1.1399999999999852 0.010768828867711551 -2.529777959224197e-06
1.1499999999999841 0.010744688137031461 -2.2896086538243265e-06
1.159999999999983 0.010743030459908398 4.604246673943491e-06
1.169999999999982 0.010749062965198336 -2.6518786263602517e-06
1.1799999999999808 0.010742879255407118 -2.9275736401178365e-06
1.1899999999999797 0.010750778494289915 3.573238418173863e-08
1.1999999999999786 0.010753203898281405 -2.1651662567810648e-06
1.2099999999999775 0.010739183483294853 -6.787476298248524e-07
1.2199999999999764 0.01073583538066936 3.153644847021797e-06
1.2299999999999753 0.010729968200381607 -2.3712967739571156e-07
1.2399999999999742 0.010711568132479733 1.1853057654918203e-06
1.2499999999999731 0.01071110786292158 3.908766153937551e-06
1.259999999999972 0.010703155081516815 -3.8449646639834856e-07
1.269999999999971 0.010688721538921173 2.264180021542897e-06
1.2799999999999698 0.010693525308762046 1.8842678489693065e-06
1.2899999999999687 0.010680031539776584 -8.99977349692882e-08
1.2999999999999676 0.01066889481749432 -1.5434947931575183e-07
1.3099999999999665 0.010677235377595082 3.5633663723368125e-07
1.3199999999999654 0.010671275134504474 -2.4175576097233697e-06
1.3299999999999643 0.010670272304540158 -5.196284563347559e-07
1.3399999999999632 0.010680967809985535 -3.0724007743093695e-06
1.3499999999999621 0.010669597754145495 -5.368547504677398e-06
1.359999999999961 0.010655567709369396 4.027365204870015e-06
1.36999999999996 0.010650913274064581 -2.4480474946960568e-06
1.3799999999999588 0.010626663213972765 2.072604536763195e-07
1.3899999999999577 0.010616705074013487 3.0628053783281206e-07
1.3999999999999566 0.010617797121616644 -4.482446175013699e-06
1.4099999999999555 0.010602964760129266 1.3374599068527449e-07
1.4199999999999544 0.01060951947788056 2.4003188482252247e-06
1.4299999999999533 0.010621532446980253 -6.538677154704214e-07
1.4399999999999522 0.010608477188492976 -1.525304972806174e-06
1.449999999999951 0.010611650411172046 4.9775400053752444e-06
1.45999999999995 0.010611685606130232 -4.0210297815625184e-06
1.469999999999949 0.01059110936773853 8.001504864952463e-07
1.4799999999999478 0.010595059870324235 3.923926945431297e-06
1.4899999999999467 0.010587742129055203 -1.1409515161403538e-06
1.4999999999999456 0.010577129784527139 -2.9488940527303e-06
1.5099999999999445 0.010577585965761235 -1.134754198741511e-06
1.5199999999999434 0.010565411325454379 -9.262840541743311e-07
1.5299999999999423 0.01055361463752622 -2.8158709752083844e-06
1.5399999999999412 0.010555193971170197 1.1028868413948123e-06
1.54999999999994 0.010552267148212226 -4.234966104188498e-06
1.559999999999939 0.01054661068848392 -1.0725213341923612e-07
1.569999999999938 0.010563200735748759 -3.844740708615346e-08
1.5799999999999368 0.010559680603957252 -2.335576389731961e-06
1.5899999999999357 0.010555576852475044 2.557050438048089e-06
1.5999999999999346 0.010559601664246982 2.2072807736514544e-06
1.6099999999999335 0.010536895775049682 1.3313956483650136e-07
1.6199999999999324 0.010526100371758043 4.428473675743491e-06
1.6299999999999313 0.010524136394981384 2.71226177494914e-06
1.6399999999999302 0.010510526402432156 -1.1048730895763664e-06
1.649999999999929 0.01051360737939281 4.179329976186988e-06
1.659999999999928 0.010524159564326552 -4.876537007893894e-06
1.6699999999999269 0.010516812075931829 3.895908139966292e-07
1.6799999999999258 0.010522657514503361 5.61860838208493e-06
1.6899999999999247 0.010529368352853853 -6.32845222820963e-06
1.6999999999999236 0.010515557050343224 -4.624871038361178e-07
1.7099999999999225 0.010517303474337691 1.5907095351954531e-06
1.7199999999999214 0.010517258058434842 -4.123689847569667e-06
1.7299999999999203 0.010501645187845668 1.2980007139586774e-06
1.7399999999999192 0.010507652910210266 2.3606031876090977e-06
1.749999999999918 0.010504143988923006 -1.357934950891454e-06
1.759999999999917 0.010484667453566509 9.712518050410124e-07
1.7699999999999159 0.010488816444881146 3.1410407877949242e-06
1.7799999999999148 0.01048151430409799 1.4212763198157008e-06
1.7899999999999137 0.01047654394434261 2.4284534456391754e-06
1.7999999999999126 0.010492801436722283 4.1101400325305876e-06
1.8099999999999115 0.010495179980143937 -3.62862064178307e-06
1.8199999999999104 0.010499512240002633 1.1361803560830386e-06
1.8299999999999093 0.010508946383488687 1.3141513220057965e-06
1.8399999999999082 0.010496200301473906 1.7080613189668359e-06
1.849999999999907 0.010488209871337919 3.123737935119969e-06
1.859999999999906 0.01048773436574325 -3.3177150148919893e-06
1.8699999999999048 0.010468786361242459 -5.304007912442649e-07
1.8799999999999037 0.010463129464951162 7.344876431936848e-07
1.8899999999999026 0.010474579254465105 -1.5483175720230197e-06
1.8999999999999015 0.01046758679762821 -1.3148836063188452e-06
1.9099999999999004 0.010473802695316687 1.5831189422530617e-06
1.9199999999998993 0.010485454700074604 -4.555104868079335e-06
1.9299999999998982 0.010471027271990023 2.744673351842003e-07
1.9399999999998971 0.010480167251039273 2.111033928560435e-06
1.949999999999896 0.010481103013193003 3.1980978911633207e-07
1.959999999999895 0.010470575768040653 2.9665904431319667e-06
1.9699999999998938 0.0104814249646176 1.5892592923911347e-06
1.9799999999998927 0.010477859773292107 -5.60630171791629e-07
1.9899999999998916 0.010465471593080353 8.248205185506369e-07
1.9999999999998905 0.010465797657087998 6.539895477265106e-06
2.0099999999998897 0.010461662939798843 -3.904086412251373e-06
2.0199999999998886 0.01044845546882227 1.362924139063429e-06
2.0299999999998875 0.01045962515476789 1.7827316120405667e-06
2.0399999999998863 0.01046437715132649 -6.20716325901681e-06
2.0499999999998852 0.01046667942833734 -2.5113592519113853e-06
2.059999999999884 0.010484903633982804 -1.9148764510337063e-06
2.069999999999883 0.010479355835252939 -3.1196036825824336e-07
2.079999999999882 0.01047544707356088 -2.5150388130550094e-06
2.089999999999881 0.010475811142327065 2.7959383897737528e-06
2.0999999999998797 0.01045959695080018 -1.2754760568348122e-06
2.1099999999998786 0.010452725582613155 1.1613451253757179e-06
2.1199999999998775 0.010456117501437729 5.339583020250172e-07
2.1299999999998764 0.010447688737283837 -2.168711545054089e-06
2.1399999999998753 0.01045344136508127 5.9896486514724595e-06
2.1499999999998742 0.01046448767767044 5.304469886790314e-07
2.159999999999873 0.010459775426718804 -1.414988312528967e-06
2.169999999999872 0.010465292831737378 1.7102311158905675e-06
2.179999999999871 0.010471647730050103 -2.531596999276464e-06
2.18999999999987 0.010462627169520941 1.408562777039865e-06
2.1999999999998687 0.010468930578716782 4.771225804925741e-06
2.2099999999998676 0.010480504357214133 -5.772317571291555e-06
2.2199999999998665 0.01046465870769666 4.867601337589511e-07
2.2299999999998654 0.010468211348040966 1.8566544161650878e-07
2.2399999999998643 0.010462784177110537 -5.647356215800897e-06
2.249999999999863 0.010441761319406448 3.771645713621097e-06
2.259999999999862 0.01045226371681913 1.5008084611450173e-06
2.269999999999861 0.010448544312062472 -3.7940062369151706e-06
2.27999999999986 0.010448783509168101 -1.1477797280060736e-06
2.289999999999859 0.010469399332171954 -6.263025877795841e-07
2.2999999999998577 0.01047063839153052 -7.848169643852321e-07
2.3099999999998566 0.010471316330458346 3.571063314044068e-06
2.3199999999998555 0.010479366871675545 4.864418550607624e-06
2.3299999999998544 0.010471052419581942 -1.1612368417540653e-06
2.3399999999998533 0.010458589590461883 1.7913041046695166e-06
2.349999999999852 0.010460676356797384 3.4828096305301176e-06
2.359999999999851 0.010452430232611937 -1.5053561779367064e-06
2.36999999999985 0.010451323969126215 2.712406570452852e-06
2.379999999999849 0.010464037775605981 -8.546556518624487e-07
2.389999999999848 0.010454319089031185 -2.209329189106074e-06
2.3999999999998467 0.010461488187659799 -5.176333655303872e-07
2.4099999999998456 0.010470130778412995 -3.741043118510312e-06
2.4199999999998445 0.010456881250645547 1.6551850509378269e-06
2.4299999999998434 0.010469507546756974 -6.649583317655527e-08
2.4399999999998423 0.010476187919969642 -3.568548527333598e-06
2.449999999999841 0.01046719751863655 -2.7162017005380457e-07
2.45999999999984 0.010474663057299367 3.4230172376650825e-06
2.469999999999839 0.010471281762569744 -2.096150259051771e-06
2.479999999999838 0.010454106052192368 2.5341261311248586e-06
2.489999999999837 0.010454236313536527 5.052455964743574e-06
2.4999999999998357 0.010449607036745882 -1.022216347061622e-06
2.5099999999998346 0.010442756804196086 3.158952001961271e-06
2.5199999999998335 0.010460313477686793 -5.371280926893401e-07
2.5299999999998324 0.01046665331451176 -1.6735948435205733e-06
2.5399999999998313 0.010467602942797812 2.107618307161871e-06
2.54999999999983 0.010483863312108736 2.3573777861978645e-06
2.559999999999829 0.010480265664174317 -4.7204493328571046e-06
2.569999999999828 0.010469338779086805 1.29634991714693e-06
2.579999999999827 0.01047396539339821 8.772217802814619e-07
2.5899999999998258 0.01045872339848231 -5.75894732685045e-06
2.5999999999998247 0.010454282255980125 2.0176805920184976e-06
2.6099999999998236 0.010462499227789027 3.9443428530641644e-07
2.6199999999998225 0.010453650784966304 -9.942489522830888e-07
2.6299999999998214 0.010458716831983017 -1.4028497579646887e-06
2.6399999999998203 0.010462450803419572 -4.1720463558880816e-07
2.649999999999819 0.01045632485666717 4.5730449765163383e-07
2.659999999999818 0.010460300208864728 3.6108333196401e-06
2.669999999999817 0.010471304633445819 1.7207759231436387e-06
2.679999999999816 0.0104698079314294 -7.534837250695869e-07
2.6899999999998148 0.010477023925159219 2.6280819064687655e-06
2.6999999999998137 0.01048257937963775 -3.1955354356915516e-06
2.7099999999998126 0.010463594356732499 3.9896685521383785e-06
2.7199999999998115 0.010467288000878209 3.905521063593542e-06
2.7299999999998104 0.010460279808057185 -1.4182498966185814e-06
2.7399999999998093 0.01044248792047109 1.975298624558655e-06
2.749999999999808 0.010455140269011735 -2.5321207205424717e-06
2.759999999999807 0.010458014788434607 -5.324561766217872e-06
2.769999999999806 0.010457204292661816 1.1087930291298759e-06
2.779999999999805 0.010475812604627313 9.514588199255325e-07
2.7899999999998037 0.010478676546534341 -4.686828170277421e-06
2.7999999999998026 0.010471466817454585 1.8863160619990438e-06
2.8099999999998015 0.010478352955777917 -7.262967434591705e-08
2.8199999999998004 0.010465538783614151 -1.2715903568143866e-06
2.8299999999997993 0.010457426636730618 3.5473610840060232e-06
2.8399999999997982 0.010465368173047373 3.541326243300738e-06
2.849999999999797 0.010455160633620484 1.4436255919639263e-06
2.859999999999796 0.01045542108094356 1.9470075811323095e-06
2.869999999999795 0.01046504029590525 2.1338634060130007e-06
2.879999999999794 0.010455511870454298 -2.1867199013134164e-06
2.8899999999997927 0.0104570560151797 3.348261081970519e-06
2.8999999999997916 0.01046709986362947 2.0616803547476165e-06
2.9099999999997905 0.010464092615453264 -4.418942403723591e-06
2.9199999999997894 0.010475835876300108 9.36410658512396e-07
2.9299999999997883 0.010483455884160619 -2.022760363228071e-06
2.9399999999997872 0.010474772354909682 -2.4870950367517075e-06
2.949999999999786 0.010476831076377483 1.0199496657224694e-06
2.959999999999785 0.010468297234396042 -1.1192326474698117e-06
2.969999999999784 0.010450074294632138 3.280769633675837e-06
2.979999999999783 0.010453062371353874 2.0562180525103557e-07
2.9899999999997817 0.010453561219751198 -4.744152108337313e-06
2.9999999999997806 0.010446547334898285 2.084994273269039e-06
3.0099999999997795 0.010464874825470125 2.3297012940650536e-06
3.0199999999997784 0.01047280295803406 -2.6160957141349583e-06
3.0299999999997773 0.010468765550830568 2.7705650503494217e-06
3.039999999999776 0.010483851905390806 2.821034704888342e-06
3.049999999999775 0.010475005962908953 -3.2952488161659688e-06
3.059999999999774 0.010465050448550228 4.309953589133955e-06
3.069999999999773 0.01047469082036068 8.24550822614914e-07
3.079999999999772 0.010464427688519065 -2.408598308984572e-06
3.0899999999997707 0.010462168089304658 2.648640611327066e-06
3.0999999999997696 0.010468819704173538 -3.299382546451124e-06
3.1099999999997685 0.010459564885606294 -4.76603453047203e-06
3.1199999999997674 0.010456588349569694 1.3340399225830052e-06
3.1299999999997663 0.010463406139403551 -1.0726855171720728e-06
3.139999999999765 0.010459705160215497 -5.8010728986764015e-06
3.149999999999764 0.010465193589383796 1.1496083737738694e-06
3.159999999999763 0.010481234438737124 -3.7324458358814483e-06
3.169999999999762 0.01047393580304217 -1.3202227288414137e-06
3.179999999999761 0.010481457221042254 1.6620586675546861e-06
3.1899999999997597 0.010483410637976615 4.911171932169694e-07
3.1999999999997586 0.010463052605855184 2.629889061526308e-06
3.2099999999997575 0.010463032197405743 4.273581881483052e-07
3.2199999999997564 0.010456556128129853 4.407759988944715e-08
3.2299999999997553 0.010447749458693182 -6.114941076239278e-07
3.239999999999754 0.010461199504455428 1.620997823404552e-06
3.249999999999753 0.010466953550026617 -4.590466444994237e-06
3.259999999999752 0.010466110066000891 1.063249948194886e-06
3.269999999999751 0.010483776924992878 -2.6896003788596384e-06
3.27999999999975 0.01047963436645183 -5.211169181538328e-06
3.2899999999997487 0.010470749362755825 2.6820107915260377e-06
3.2999999999997476 0.010481604661880523 -5.220750121583129e-06
3.3099999999997465 0.01047121243511714 -1.6730630029836852e-06
3.3199999999997454 0.010463502974633653 1.0645897743511573e-06
3.3299999999997443 0.010473568721456163 -1.4975087007599447e-06
7e-06
