# T0 0.400000 P 16.000000 z 0.187500 g 1.941626 alpha 0.010000 t0 0.300000 t1 0.000000 Process Q_GQ
t Rate 
0 0 0
0.010000000000000002 0.00021104152125989777 -1.968106825748963e-05
0.02000000000000001 0.00045768031339378214 -3.05825301303929e-05
0.03000000000000002 0.0007065601222293906 -2.3197739913621883e-05
0.04000000000000003 0.0009945916198937602 -2.5781483712191723e-05
0.05000000000000004 0.0012711652322680601 -3.2943693941664886e-05
0.060000000000000046 0.0015595224605528103 -2.6173632639930455e-05
0.07000000000000005 0.0018693698774609425 -2.7242472451244814e-05
0.08000000000000006 0.002166657415815165 -3.3671743314483624e-05
0.09000000000000007 0.0024620442342606487 -3.127404816385482e-05
0.10000000000000007 0.002772998531138414 -3.371940143630844e-05
0.11000000000000008 0.0030582457808555966 -3.492838359181374e-05
0.12000000000000009 0.0033468355270660495 -2.5308328772638816e-05
0.1300000000000001 0.003656297204862228 -3.1985016739476124e-05
0.1400000000000001 0.0039323661344065055 -2.9855030911558975e-05
0.1500000000000001 0.00422422174783455 -2.7813297183520644e-05
0.16000000000000011 0.0045138476814788045 -2.718102408784482e-05
0.17000000000000012 0.004772045412215686 -3.115084190366893e-05
0.18000000000000013 0.0050482313125026785 -2.2191045539183066e-05
0.19000000000000014 0.0053298020757703984 -2.0256960330792065e-05
0.20000000000000015 0.005602086325415568 -3.062640246521888e-05
0.21000000000000016 0.005891038990828051 -2.2386799597018045e-05
0.22000000000000017 0.006170893763420307 -3.019737847899471e-05
0.23000000000000018 0.006438209772907587 -2.1214946748459446e-05
0.24000000000000019 0.006715345325727638 -2.2530361667490867e-05
0.25000000000000017 0.0069667225367728005 -2.748675774198999e-05
0.2600000000000002 0.007207384614117373 -2.2164977991619844e-05
0.2700000000000002 0.007446150583385169 -2.437438770089978e-05
0.2800000000000002 0.007684949595922207 -2.8789702873623438e-05
0.2900000000000002 0.007904056181759022 -2.2078104882215788e-05
0.3000000000000002 0.00815973715410137 -1.9221222789475925e-05
0.3100000000000002 0.008387010966322392 -2.9456224031663633e-05
0.32000000000000023 0.008610352436210948 -1.759275484881917e-05
0.33000000000000024 0.008852983297249276 -2.3784322618907935e-05
0.34000000000000025 0.009063557442222911 -2.4201535676823815e-05
0.35000000000000026 0.009267289950638195 -1.3724590059212977e-05
0.36000000000000026 0.009495451050356275 -1.8103158754653736e-05
0.3700000000000003 0.009682242305044813 -1.878762349560685e-05
0.3800000000000003 0.009892929666203363 -1.320221939856911e-05
0.3900000000000003 0.010086156737802296 -1.5604309576023462e-05
0.4000000000000003 0.010256278532179043 -1.814553653204168e-05
0.4100000000000003 0.0104351767499871 -7.273240677023798e-06
0.4200000000000003 0.01061340699438509 -1.8561765142630082e-05
0.4300000000000003 0.010767612743977615 -1.6407761473626742e-05
0.44000000000000034 0.010943500381709256 -1.5497962786647015e-05
0.45000000000000034 0.011128240949262222 -2.2109280229030276e-05
0.46000000000000035 0.011280581159776657 -1.546202431856533e-05
0.47000000000000036 0.011457255501536808 -1.6903401362766343e-05
0.48000000000000037 0.01161481824881158 -1.6962327710893718e-05
0.4900000000000004 0.011743096610296905 -1.4481585831621277e-05
0.5000000000000003 0.011888978793610257 -1.4203120298142066e-05
0.5100000000000003 0.012010367694688743 -1.3756951565050898e-05
0.5200000000000004 0.012126405695698696 -1.1335636120494291e-05
0.5300000000000004 0.012260697160604355 -1.042420404819347e-05
0.5400000000000004 0.01237665636022106 -1.1771760165106906e-05
0.5500000000000004 0.012497132958598604 -8.12267621752051e-06
0.5600000000000004 0.012627713466888783 -1.241015672629256e-05
0.5700000000000004 0.012736879428180284 -1.894761490475738e-05
0.5800000000000004 0.012833666417743047 -1.6618775700773941e-06
0.5900000000000004 0.012954372105467122 -8.824427939287463e-06
0.6000000000000004 0.013050867917617625 -1.4456446843799306e-05
0.6100000000000004 0.013150589123365232 -6.745022021123481e-06
0.6200000000000004 0.01325590548139863 -1.3005817189017804e-05
0.6300000000000004 0.013328595995704857 -1.2305717268651373e-05
0.6400000000000005 0.013406808172420431 -8.972720360662934e-06
0.6500000000000005 0.013487953668052558 -7.649002889834403e-06
0.6600000000000005 0.013535438070898532 -1.0299770567949798e-05
0.6700000000000005 0.013613685514786167 -7.208976737621206e-06
0.6800000000000005 0.013688180004031237 -1.1075512480716865e-05
0.6900000000000005 0.013753919231105166 -1.0172259041665854e-05
0.7000000000000005 0.013838496609581932 -3.018684915898767e-06
0.7100000000000005 0.013911618707584368 -5.4574789249191985e-06
0.7200000000000005 0.013971098707272589 -7.167797236490997e-06
0.7300000000000005 0.014032265415840501 -1.976328110856948e-06
0.7400000000000005 0.014078767482277247 -4.7808509731298715e-06
0.7500000000000006 0.014110409799939218 -7.263539479308856e-06
0.7600000000000006 0.014159214002911362 1.9345239508465617e-06
0.7700000000000006 0.014204288410824275 -8.421537321104053e-06
0.7800000000000006 0.014231567093398385 -3.040917591994735e-06
0.7900000000000006 0.01429064510433203 -5.875044120180403e-06
0.8000000000000006 0.014323235230676414 -1.0800450627877073e-05
0.8100000000000006 0.014351528940314358 1.0476983433350961e-06
0.8200000000000006 0.014404594203860104 -8.998708377266212e-06
0.8300000000000006 0.014423263655292994 -6.700318790828913e-06
0.8400000000000006 0.014460059656393649 -1.803390447783354e-06
0.8500000000000006 0.014505247805937472 -4.7949582140348335e-06
0.8600000000000007 0.014521949899018154 -6.431404966752291e-06
0.8700000000000007 0.014544283898194751 2.9855311663665868e-06
0.8800000000000007 0.014574266881299683 -3.086437271327888e-06
0.8900000000000007 0.014566126013436305 -1.288503148769507e-06
0.9000000000000007 0.014572728297077418 1.0631597894815784e-05
0.9100000000000007 0.014598486624864963 -2.9236500427905904e-06
0.9200000000000007 0.014602397041415095 -6.13766447379524e-07
0.9300000000000007 0.014631286737054069 2.81612216828514e-06
0.9400000000000007 0.014664659609132082 -1.909214786358429e-06
0.9500000000000007 0.014671014646611365 -1.140413491770506e-06
0.9600000000000007 0.01470138563571135 5.552386190387643e-07
0.9700000000000008 0.01471241337444961 -2.0960096874574757e-06
0.9800000000000008 0.014697914020704524 -1.165279960789814e-06
0.9900000000000008 0.014714886410355048 1.227874726551087e-06
1.0000000000000007 0.014709132418230497 -3.2043629876361834e-06
1.0099999999999996 0.01469789897668615 1.8948346382861164e-06
1.0199999999999985 0.014719107393731293 7.128636277057426e-07
1.0299999999999974 0.014711931148877682 -2.182320733410195e-06
1.0399999999999963 0.014710914985618858 3.385398130266448e-07
1.0499999999999952 0.014719927767661185 3.4357632037011754e-06
1.059999999999994 0.01471504663892472 2.4104635815962866e-06
1.069999999999993 0.014717293357460231 3.2087980887021e-06
1.0799999999999919 0.014736870440818683 1.301195497837096e-06
1.0899999999999908 0.014735699740629007 -1.6030252632370096e-06
1.0999999999999897 0.014734087298121144 7.676464313287334e-06
1.1099999999999886 0.014749665591399837 3.034868470159352e-07
1.1199999999999875 0.014723178280428774 1.939836994386407e-06
1.1299999999999863 0.014711437972158669 8.919854243840189e-06
1.1399999999999852 0.014708204502812579 -4.573894050740462e-06
1.1499999999999841 0.014677864719964866 -2.913949811800612e-06
1.159999999999983 0.01468040901976203 5.414857132686468e-06
1.169999999999982 0.01469031759520098 -3.9756257791991045e-06
1.1799999999999808 0.014683707046516522 -3.855871572821384e-06
1.1899999999999797 0.01469702913858439 -1.1227295237600798e-08
1.1999999999999786 0.014698805629709976 -3.25819147622107e-06
1.2099999999999775 0.014680192554627318 -4.020872179395091e-07
1.2199999999999764 0.01467665882820597 4.584880850850778e-06
1.2299999999999753 0.01466715190110021 -3.734726261583887e-07
1.2399999999999742 0.014644851115260312 1.6968608855475603e-06
1.2499999999999731 0.01464520181316003 5.209254732794696e-06
1.259999999999972 0.014632803166562541 -7.533863684069247e-07
1.269999999999971 0.014615712329601802 3.017163453642238e-06
1.2799999999999698 0.014622837862482242 2.233074065084717e-06
1.2899999999999687 0.014603524132254892 -3.2362734701807394e-07
1.2999999999999676 0.014590565635253131 1.1986123325119502e-07
1.3099999999999665 0.014603415853586566 -6.915913183663802e-07
1.3199999999999654 0.01459318673073424 -3.7854770317344993e-06
1.3299999999999643 0.014593069939858165 -5.015345379277836e-07
1.3399999999999632 0.01460513025057489 -4.501541115286764e-06
1.3499999999999621 0.014585886533248835 -6.455906426767674e-06
1.359999999999961 0.014567377818892216 5.390319745347469e-06
1.36999999999996 0.01455785145908089 -3.6008292335874825e-06
1.3799999999999588 0.014523602679881037 1.0085366812309648e-06
1.3899999999999577 0.014513331613370315 5.083390997064063e-07
1.3999999999999566 0.014514061184101801 -6.682137085741238e-06
1.4099999999999555 0.014494380595389711 1.3166102512413708e-06
1.4199999999999544 0.014505017067463126 3.1935097079827113e-06
1.4299999999999533 0.014518126128860512 -1.7841453721426093e-06
1.4399999999999522 0.014498333598903632 -1.1444375954926256e-06
1.449999999999951 0.014501738648622838 6.389187161970691e-06
1.45999999999995 0.0144978331085004 -6.030883352268687e-06
1.469999999999949 0.014468034875102925 1.66304534678606e-06
1.4799999999999478 0.014473430761341841 4.739175095615222e-06
1.4899999999999467 0.014459891788563788 -1.7902516487814518e-06
1.4999999999999456 0.014444980988239157 -3.866472435880286e-06
1.5099999999999445 0.014444804014185714 -2.245861883168679e-06
1.5199999999999434 0.014424559005709152 -1.11167863400298e-06
1.5299999999999423 0.014409662760567378 -3.665781867737139e-06
1.5399999999999412 0.014410977624610032 1.7545392611041655e-06
1.54999999999994 0.01440527256152001 -5.699998867082431e-06
1.559999999999939 0.014399238219215512 4.359531490614327e-07
1.569999999999938 0.014418470681544213 2.0308384602457652e-07
1.5799999999999368 0.014409202686554415 -2.147202250881927e-06
1.5899999999999357 0.014402373994474756 4.5539561099004755e-06
1.5999999999999346 0.014403237731651553 3.0508947864039265e-06
1.6099999999999335 0.014368312527298283 1.3869374689730318e-06
1.6199999999999324 0.014354740395371159 5.696598651766527e-06
1.6299999999999313 0.014350506800454242 2.962062255683698e-06
1.6399999999999302 0.01433130433461441 -1.1146268089588796e-06
1.649999999999929 0.014337993432315345 5.535608411086357e-06
1.659999999999928 0.014349446662377252 -7.043970713759354e-06
1.6699999999999269 0.014337026778549691 1.1138414817528364e-06
1.6799999999999258 0.01434524037978115 7.189619578112233e-06
1.6899999999999247 0.014347635711233965 -8.490986329785094e-06
1.6999999999999236 0.014327291816661461 7.944105557249753e-07
1.7099999999999225 0.014329750730146959 1.857413936422539e-06
1.7199999999999214 0.0143240386186722 -4.683151637787514e-06
1.7299999999999203 0.014302685803864333 2.5692868751234915e-06
1.7399999999999192 0.014309187662726769 3.941950506514136e-06
1.749999999999918 0.01430065077224475 -1.8876012803977632e-06
1.759999999999917 0.014273979054280015 2.6805163309412405e-06
1.7699999999999159 0.014279550395199445 5.187783150338229e-06
1.7799999999999148 0.014268047453265636 1.363915771487173e-06
1.7899999999999137 0.014263333872301416 4.3804433318660185e-06
1.7999999999999126 0.014285301687982562 5.2581365147311154e-06
1.8099999999999115 0.014284197146920658 -4.278308264877087e-06
1.8199999999999104 0.014289952325555159 1.92988675094298e-06
1.8299999999999093 0.014297474651865661 1.668652406949453e-06
1.8399999999999082 0.014274229244408224 2.7992705966921327e-06
1.849999999999907 0.014263496330990645 4.758776395335715e-06
1.859999999999906 0.01425999338847363 -5.540724969478605e-06
1.8699999999999048 0.014233118600193165 -3.5538930280402947e-07
1.8799999999999037 0.01422882479509597 1.7894384480698217e-06
1.8899999999999026 0.014242705428600726 -2.5754287969210338e-06
1.8999999999999015 0.014232591238514279 -2.847696893380075e-07
1.9099999999999004 0.01424269274974334 2.065668627019082e-06
1.9199999999998993 0.014253898460569393 -5.887241218516942e-06
1.9299999999998982 0.014232046767754674 2.222529659128697e-06
1.9399999999998971 0.014244807297142125 3.1068358151663256e-06
1.949999999999896 0.014242619732583334 7.80651474423591e-07
1.959999999999895 0.01422689884968844 5.42979173566438e-06
1.9699999999998938 0.014242388936387797 1.2244509444685886e-06
1.9799999999998927 0.01423197732943825 -1.4857607162702124e-06
1.9899999999998916 0.014214258158407553 2.4361760973742874e-06
1.9999999999998905 0.014215838682763054 7.944532488804099e-06
2.0099999999998897 0.014206309752989123 -5.603207742415142e-06
2.0199999999998886 0.014192962823503824 1.8441268668997757e-06
2.0299999999998875 0.014209705733338912 6.247911506235965e-07
2.0399999999998863 0.014213102506136112 -8.692232504636452e-06
2.0499999999998852 0.014218085565504796 -2.7749464521827777e-06
2.059999999999884 0.014239379806472609 -2.722522675401365e-06
2.069999999999883 0.014226823948160739 4.5354969273846135e-07
2.079999999999882 0.014220408610339927 -3.0896661703024714e-06
2.089999999999881 0.014216985941975594 3.6182105356968863e-06
2.0999999999998797 0.01419309117776118 -1.6606842520618115e-06
2.1099999999998786 0.01418727156612424 2.0263015118870964e-06
2.1199999999998775 0.014191446769130528 1.1065876595536817e-06
2.1299999999998764 0.01418029814932029 -2.6653388760962404e-06
2.1399999999998753 0.014192741432244976 7.549166986782832e-06
2.1499999999998742 0.014203983810532955 -4.2467195957539283e-07
2.159999999999873 0.014195487611012655 -8.116638378040386e-07
2.169999999999872 0.014206307236724542 1.1526644192738633e-06
2.179999999999871 0.01420980237865634 -4.215639027046678e-06
2.18999999999987 0.014197497030808833 2.3252801362016323e-06
2.1999999999998687 0.014207048487708682 5.543334659357732e-06
2.2099999999998676 0.014217141555506583 -8.76191437489647e-06
2.2199999999998665 0.014195357429350458 8.766914438244205e-07
2.2299999999998654 0.014199388021444891 -3.1017112945598557e-07
2.2399999999998643 0.014187649261813108 -7.066229883150726e-06
2.249999999999863 0.014162534934657398 6.33329885350517e-06
2.259999999999862 0.014180623762727227 4.277671460280186e-07
2.269999999999861 0.014174444498497628 -4.530347350328173e-06
2.27999999999986 0.014179527843472543 -1.306487619111285e-06
2.289999999999859 0.014206904913612923 -7.143596640196703e-07
2.2999999999998577 0.014203803051325906 -3.891144590515566e-07
2.3099999999998566 0.014204699416432875 6.378525701414284e-06
2.3199999999998555 0.01421166561777341 6.7312754716709194e-06
2.3299999999998544 0.014196484311734633 -3.0021465748947956e-06
2.3399999999998533 0.01418177590879306 3.519041221977659e-06
2.349999999999852 0.014183658958734061 3.485220642860873e-06
2.359999999999851 0.014172624975780175 -1.6373291828221392e-06
2.36999999999985 0.014176380623829454 3.58050921806137e-06
2.379999999999849 0.014192003194624037 -2.785115804685226e-06
2.389999999999848 0.014178371347555835 -2.4966638735683666e-06
2.3999999999998467 0.014189840859613858 -1.1264197285355132e-06
2.4099999999998456 0.014198581367856112 -4.923172493153868e-06
2.4199999999998445 0.014180742811277397 3.956844044444852e-06
2.4299999999998434 0.014200554963345192 2.2726079383986186e-07
2.4399999999998423 0.014205455937749684 -5.088561150654036e-06
2.449999999999841 0.014191018900274962 1.6027515757320587e-06
2.45999999999984 0.014202646410954388 5.017488703466105e-06
2.469999999999839 0.01419115370105576 -9.06890553195594e-07
2.479999999999838 0.014170184168986926 4.9220247654337135e-06
2.489999999999837 0.014174595211003387 5.323144489265824e-06
2.4999999999998357 0.014166376264305733 -1.5362057507895682e-06
2.5099999999998346 0.014163427379828113 4.826670959042975e-06
2.5199999999998335 0.014189533456695226 -1.3254791064610388e-06
2.5299999999998324 0.014195975602987266 -2.326770212378662e-06
2.5399999999998313 0.014198524063518658 3.900524136355235e-06
2.54999999999983 0.01421680436091646 1.9975174908870574e-06
2.559999999999829 0.014205308696715244 -6.164403856607353e-06
2.569999999999828 0.014191921837776412 2.620080680134501e-06
2.579999999999827 0.014197027404085799 3.0288958208224415e-07
2.5899999999998258 0.01417383647753652 -6.46713307858246e-06
2.5999999999998247 0.014174264192375273 3.0543167225342144e-06
2.6099999999998236 0.01418494767167605 -3.167665714991913e-07
2.6199999999998225 0.014171782274872442 -6.174394031610575e-07
2.6299999999998214 0.014183510251414079 -7.848758266336409e-07
2.6399999999998203 0.014185730226698945 -1.43053056090095e-07
2.649999999999819 0.014178739652781006 8.81888643954748e-07
2.659999999999818 0.014188044450614017 5.749342836742707e-06
2.669999999999817 0.014198852095806966 1.985378561372708e-06
2.679999999999816 0.014197872227090331 -8.240448426156954e-07
2.6899999999998148 0.014208081666702461 2.8074046463672647e-06
2.6999999999998137 0.014208061500314988 -5.018443018822011e-06
2.7099999999998126 0.014181609146033707 6.895650697337843e-06
2.7199999999998115 0.014188479259911832 3.1055816993984936e-06
2.7299999999998104 0.01417676498302325 -3.4051264299807954e-06
2.7399999999998093 0.01415779969429615 2.5337863853256565e-06
2.749999999999808 0.014180494574751356 -6.149552457463889e-06
2.759999999999807 0.014182250918375838 -7.082587535484075e-06
2.769999999999806 0.014184962996992786 2.6320397595210043e-06
2.779999999999805 0.014210351568051097 1.0184091530016093e-06
2.7899999999998037 0.01420678655889928 -6.050933019703664e-06
2.7999999999998026 0.014198767565017603 2.665694510548683e-06
2.8099999999998015 0.014204717536935106 -1.352450495269164e-06
2.8199999999998004 0.014182920403019831 3.987124432350275e-08
2.8299999999997993 0.014178578659902203 5.759268583642452e-06
2.8399999999997982 0.014188258122130266 2.761783115258834e-06
2.849999999999797 0.014175125995218928 1.4728747327174413e-06
2.859999999999796 0.014179590409144549 1.927845926124813e-06
2.869999999999795 0.014189858106142423 1.089448064111112e-06
2.879999999999794 0.014177972210720884 -3.2349682801344204e-06
2.8899999999997927 0.014184292327449277 4.8670217330255144e-06
2.8999999999997916 0.014197764209341796 -8.415399277428293e-08
2.9099999999997905 0.014192331707821892 -6.545905120095355e-06
2.9199999999997894 0.014211013464061057 -2.4995232752837715e-07
2.9299999999997883 0.014214618683349892 -3.397128345902084e-06
2.9399999999997872 0.014199217455090984 -1.3031568213243971e-06
2.949999999999786 0.01420381877461624 -1.2520539102896244e-07
2.959999999999785 0.014185596964279967 -1.2974171500670234e-06
2.969999999999784 0.014165688661601594 4.0665560758785385e-06
2.979999999999783 0.014174642886206816 -1.200176800494196e-07
2.9899999999997817 0.01417456499309604 -5.633183403172537e-06
2.9999999999997806 0.01417341088285157 3.2174416109975734e-06
3.0099999999997795 0.014200069087671649 2.2585157218694973e-06
3.0199999999997784 0.014204452195691651 -3.0716017254527744e-06
3.0299999999997773 0.014200678505171338 4.7756848639245175e-06
3.039999999999776 0.01421883495818429 1.6479070065328338e-06
3.049999999999775 0.01420030118355763 -3.386623814561826e-06
3.059999999999774 0.01419063102862753 5.280629237361736e-06
3.069999999999773 0.014202365364898498 -5.697185664916421e-07
3.079999999999772 0.014186402815231465 -3.536867972166527e-06
3.0899999999997707 0.014188175987406503 3.538113735348375e-06
3.0999999999997696 0.014195257082019297 -5.158241792211152e-06
3.1099999999997685 0.014181340636093593 -6.446160839251869e-06
3.1199999999997674 0.01418393249095849 2.310135208486927e-06
3.1299999999997663 0.01419104906930903 -2.1302514328150335e-06
3.139999999999765 0.014187125313818659 -6.114013649338376e-06
3.149999999999764 0.014201288099946764 2.1467790423893712e-06
3.159999999999763 0.014216672055699011 -5.306825476069504e-06
3.169999999999762 0.014205378427491271 1.186503147815321e-07
3.179999999999761 0.014213593820774126 4.595879048767404e-06
3.1899999999997597 0.014209586851539096 4.4077192496057294e-07
3.1999999999997586 0.01418301385151253 4.562819428474349e-06
3.2099999999997575 0.014185858080655617 7.751552019551883e-07
3.2199999999997564 0.014177403568179286 -1.6554763482366092e-06
3.2299999999997553 0.014171101865816785 -1.9846258017194862e-07
3.239999999999754 0.01419538271885607 1.1634643191388988e-06
3.249999999999753 0.014199358031613039 -6.058012202665719e-06
3.259999999999752 0.014200985428631872 1.7646221659971262e-06
3.269999999999751 0.014223488352751525 -6.367177335299401e-06
3.27999999999975 0.01420847885276868 -5.596634323387292e-06
3.2899999999997487 0.01419998010681542 5.8425081974795845e-06
3.2999999999997476 0.014212875639143708 -7.868568681219587e-06
3.3099999999997465 0.014194890768318714 -7.70374318786668e-07
3.3199999999997454 0.014190376346610847 1.899631817252681e-06
3.3299999999997443 0.014200861859864071 -2.3955463862596754e-06
3.339999999999743 0.014185942931330464 -3.5980104644266903e-06
3.349999999999742 0.014181250645409076 3.2604945277812936e-06
3.359999999999741 0.014191029229867263 2.706347115940047e-06
3.36999999999974 0.01417576691571514 -5.474272867008606e-07
3.3799999999997388 0.014192441044639442 2.930563795668084e-06
3.3899999999997377 0.014210072032984862 -1.9907308869068774e-06
3.3999999999997366 0.014203530510129962 -2.997696024031188e-07
3.4099999999997355 0.014224174401526637 1.6316554977986036e-06
3.4199999999997344 0.014219368884252015 5.138379913244978e-07
3.4299999999997333 0.014203263054863823 -2.010890964904491e-06
3.439999999999732 0.014199694578533078 5.579489711486987e-06
3.449999999999731 0.014187429295033954 -4.906584618482798e-06
3.45999999999973 0.01417337324971047 -4.703690049859266e-06
3.469999999999729 0.014182677001601219 9.688191735281182e-07
3.4799999999997278 0.014186960488715948 -4.086609608456096e-06
3.4899999999997267 0.014186562407992587 1.711130869566646e-06
3.4999999999997256 0.014210945095247859 -2.4109119560380282e-06
3.5099999999997245 0.01420611003189392 -5.263550352293395e-07
3.5199999999997234 0.014199296025138378 2.8202533965942383e-06
3.5299999999997222 0.014211668603227956 8.027520102329988e-07
3.539999999999721 0.01419779165209988 1.5556399350531713e-06
3.54999999999972 0.014195399357939918 6.652953593325184e-06
3.559999999999719 0.014207920243571868 1.7536862210836002e-06
3.569999999999718 0.014190003389794956 -1.7441734194139497e-06
3.5799999999997167 0.014187632716172906 6.538851105868451e-06
3.5899999999997156 0.014194032973896356 9.13485420958593e-07
3.5999999999997145 0.014176112589391117 -2.671917584668934e-06
3.6099999999997134 0.01418086314861002 5.954820991698959e-06
3.6199999999997123 0.014197521184845971 -4.962861998263415e-06
3.6299999999997112 0.01419541601255732 -4.0224136709822444e-06
3.63999999999971 0.014210024152208168 3.6245490356925925e-06
3.649999999999709 0.014225178595955274 -7.082824491010456e-06
3.659999999999708 0.014210382796522309 -3.3860862141792125e-07
3.669999999999707 0.014208610918657884 3.904324123555139e-06
3.6799999999997057 0.014198087665689571 2.1512271572952935e-07
3.6899999999997046 0.014173785131625411 9.966028096421164e-07
3.6999999999997035 0.01418249001874841 4.017916765294144e-06
3.7099999999997024 0.014180226497408032 -3.507911343295783e-07
3.7199999999997013 0.014174547291157984 1.954599608970306e-06
3.7299999999997 0.014199380448146169 4.132331022465088e-06
3.739999999999699 0.014199938939036092 -2.075235186140348e-06
3.749999999999698 0.014197981363734707 5.363573468430277e-06
3.759999999999697 0.014214292775030777 2.6733965458047848e-08
3.769999999999696 0.014205790855005071 -3.0404628849449444e-06
3.7799999999996947 0.01420177385817741 6.640562842212538e-07
3.7899999999996936 0.014211661600508737 4.050224855691592e-07
3.7999999999996925 0.014201826146185507 -2.844050167259346e-06
3.8099999999996914 0.014195365899295213 1.5480484558873936e-06
3.8199999999996903 0.014205246555398971 -5.8711390425614934e-06
3.829999999999689 0.01417822871885782 -1.565500751327803e-06
3.839999999999688 0.014174292171119356 5.674579301688867e-06
3.849999999999687 0.014192165787719544 -8.757839754829772e-06
3.859999999999686 0.0141759976720277 1.5191495789084603e-06
3.869999999999685 0.014200622676257216 -3.483367930785103e-07
3.8799999999996837 0.014216385159120354 -2.6069991625170957e-06
3.8899999999996826 0.01420891208579896 -1.156833462490417e-06
3.8999999999996815 0.014220680998365322 5.2539927457156965e-06
3.9099999999996804 0.014213994953463226 2.479677306595901e-06
3.9199999999996793 0.01419363127947708 -2.4957191121881273e-06
3.929999999999678 0.014191684400955206 6.396895653952572e-06
3.939999999999677 0.014186354632487113 -3.7112497336105194e-06
3.949999999999676 0.014176607747032758 4.656909566389672e-07
3.959999999999675 0.014193423962422383 6.071766773790149e-07
3.969999999999674 0.014197781658401699 -7.12805565771836e-06
3.9799999999996727 0.0141952476007813 -2.205950028840234e-06
3.9899999999996716 0.014209585645968548 -1.3458273184184522e-06
3.9999999999996705 0.014204840175149641 -6.4493187694487225e-06
4.009999999999674 0.01419926045885109 -5.092796800561239e-07
4.019999999999677 0.014216073917577447 -9.811325872924326e-08
4.0299999999996805 0.014204576711143167 -4.4428967270228326e-06
4.039999999999684 0.014199701355648303 3.4146284481235967e-06
4.049999999999687 0.014211840082895185 -1.581448392278667e-06
4.0599999999996905 0.01418731171340364 2.636339761130993e-06
4.069999999999694 0.014183548410038688 4.688502997620206e-06
4.079999999999697 0.014185695280061947 -1.2557509588076443e-06
4.0899999999997005 0.01417253669698269 2.191147999455051e-06
4.099999999999704 0.014186081198739209 3.521053861487572e-06
4.109999999999707 0.014204771929030535 -3.0642735792778264e-06
4.119999999999711 0.014206959165035662 -2.802545786897981e-06
4.129999999999714 0.014219297600965047 2.578443988850501e-06
4.139999999999717 0.01422735457935056 -2.9297242445207317e-06
4.149999999999721 0.014202363610039749 2.4347850168041085e-06
4.159999999999724 0.014203561091034041 3.9278053024071474e-06
4.169999999999727 0.014200695499820861 -7.166451448062383e-06
4.179999999999731 0.014174696793976158 -7.870418206497309e-07
4.189999999999734 0.014186601955303847 3.088477984367413e-06
4.199999999999737 0.014187192068705548 -3.598312269941298e-06
4.209999999999741 0.014181785352347044 2.927621629740529e-06
4.219999999999744 0.014200878165857881 2.697378159140576e-06
4.229999999999747 0.014195781090578952 -1.3784059949006888e-06
4.239999999999751 0.014193862863626689 8.459522347192133e-07
4.249999999999754 0.01420653401439103 5.2308830481226365e-06
4.259999999999757 0.014201440419233196 4.123599842564482e-06
4.269999999999761 0.014203275914677016 5.7673417318791775e-06
4.279999999999764 0.014217889570814277 2.316021904603602e-06
4.289999999999767 0.014203522424024095 -2.5918151854466276e-06
4.299999999999771 0.01418986909188483 5.81493957314827e-06
4.309999999999774 0.014193160800048975 1.772600554686421e-06
4.319999999999777 0.014172281475643337 1.0534244631738021e-06
4.329999999999781 0.014175220415176368 1.4628120894744773e-06
4.339999999999784 0.014192555019569503 -3.094642792784638e-06
4.349999999999787 0.01418646997175724 -3.4245598541267352e-06
4.359999999999791 0.014206204942563099 -1.142305042587527e-07
4.369999999999794 0.014220837929447592 -1.0665874246307272e-08
4.379999999999797 0.014204925654722686 1.7192439850516328e-06
4.389999999999801 0.014211107508911242 5.6683702418861e-06
4.399999999999804 0.014204285527049169 -3.4827833679581394e-06
4.409999999999807 0.01417981296571473 5.358924034743265e-06
4.419999999999811 0.014188258523211464 5.996447496407417e-06
4.429999999999814 0.01418521335774575 -1.96094909070757e-06
4.439999999999817 0.014177418861131035 3.681327402851528e-06
4.449999999999821 0.014192392336276664 5.767028488373391e-06
4.459999999999824 0.01419305244042142 -8.042046065383918e-07
4.4699999999998274 0.014187307303928282 -1.0648317343413954e-06
4.479999999999831 0.014202371057286082 4.9904471800376465e-06
4.489999999999834 0.014204150724283979 -7.403866789211164e-06
4.4999999999998375 0.014198393776035234 2.0311484859297096e-06
4.509999999999841 0.014218277613337525 2.9910544854100385e-07
4.519999999999844 0.014210072640133983 -7.483142911247909e-06
4.5299999999998475 0.014203305730614731 2.7108425610117975e-06
4.539999999999851 0.014204377559319735 -3.2878588201289832e-06
4.549999999999854 0.014178095148454292 -2.421286413228918e-06
4.5599999999998575 0.014172912738843638 3.567309412345898e-06
4.569999999999861 0.014179625425506829 -1.694391703506437e-07
4.579999999999864 0.014174691608636325 -2.2585082278484686e-06
4.5899999999998675 0.014189434177575929 1.3050242184172584e-06
4.599999999999871 0.014213350603765449 -5.1672223082745855e-06
4.609999999999874 0.014203744510925504 2.5743951166841417e-06
4.6199999999998775 0.014212583014413744 6.255952026626085e-06
4.629999999999881 0.014220592227311962 -4.1779235228443096e-06
4.639999999999884 0.014195594034627305 1.0745841083192181e-06
4.649999999999888 0.014200657213120325 -2.1079426316527455e-06
4.659999999999891 0.014193945738996159 -2.654216524015235e-06
4.669999999999894 0.014178871783151439 1.27300670691409e-06
4.679999999999898 0.014196557379102996 -7.978777883544536e-07
4.689999999999901 0.014194068030475912 -7.295256553293411e-06
4.699999999999904 0.014182837559003824 -3.173932369931673e-06
4.709999999999908 0.014198396304704942 -2.8437603102216685e-06
4.719999999999911 0.014194314898784671 -7.5614775582877325e-06
4.729999999999914 0.014190020968013311 4.526911131159592e-06
4.739999999999918 0.01421394935888561 -1.5213860681505265e-06
4.749999999999921 0.014212648686023748 -7.540286417837688e-06
4.759999999999924 0.014208616141238481 2.7296673888593803e-07
4.769999999999928 0.0142142352283388 2.4889250186711787e-06
4.779999999999931 0.014194681922269765 2.2710215391453376e-06
4.789999999999934 0.014182854274060396 4.44274745497325e-06
4.799999999999938 0.014187551902280946 2.0961348014027215e-06
4.809999999999941 0.014172030392077994 -2.6196703859070886e-06
4.819999999999944 0.014180385482182308 -1.359192855512198e-06
4.829999999999948 0.014201947480237228 -1.8322059039867916e-06
4.839999999999951 0.01419732633313921 -2.208499214522222e-06
4.849999999999954 0.014216098790239827 1.4487808886378545e-06
4.859999999999958 0.01422293788800914 -5.046950917516474e-06
4.869999999999961 0.014204460645283301 -3.995484607858743e-06
4.879999999999964 0.014209037618656894 1.1044166331360128e-06
4.889999999999968 0.014201815708414866 -2.946885978551139e-06
4.899999999999971 0.014185428997848578 7.188740717475189e-07
4.909999999999974 0.014193747407647284 7.987659980182582e-07
4.919999999999978 0.014192498031542256 -1.475001225482303e-07
4.929999999999981 0.014180145137593263 2.1419092693323455e-06
4.939999999999984 0.014191237439811233 1.907804175723185e-06
4.949999999999988 0.014191031512441046 -2.595837511849136e-06
4.959999999999991 0.014181235982990233 4.515789580892063e-06
4.969999999999994 0.01420319251829358 5.647613864387391e-06
4.979999999999998 0.014206000783692678 -2.9920411190580837e-06
4.990000000000001 0.014208848256659704 3.936258061297548e-06
5.000000000000004 0.014227761277040441 9.112261899722751e-07
5.010000000000008 0.014209657757611054 -3.334603864226654e-06
5.020000000000011 0.014197471818126087 4.596567127358037e-06
5.0300000000000145 0.014196206486225244 4.750757410167117e-06
5.040000000000018 0.014178469501136779 -5.227194898840132e-06
5.050000000000021 0.014173413003200958 3.2738923169059464e-06
5.0600000000000245 0.014188301293202619 -4.518232522569138e-06
5.070000000000028 0.014187572014690725 -8.549808094221803e-06
5.080000000000031 0.014195250807294012 7.862078429720157e-06
5.0900000000000345 0.014214448030836197 -2.35868890078976e-06
5.100000000000038 0.014203602145033873 3.316032367617003e-06
5.110000000000041 0.014210661586604447 1.503547590320231e-07
5.1200000000000445 0.014209792038235844 -5.389514240086019e-07
5.130000000000048 0.01418729624792891 5.754464142740043e-06
5.140000000000051 0.01419749954802412 4.80705878256639e-06
5.1500000000000545 0.014200102337361182 2.5715666541713256e-06
5.160000000000058 0.014182715176314808 8.489929758676712e-07
5.170000000000061 0.014194947263066053 2.2032786963534223e-06
5.1800000000000646 0.014190344025678998 -5.182599071257288e-06
5.190000000000068 0.014175446373746868 3.942740208519313e-06
5.200000000000071 0.014196702830452244 8.987547292539644e-07
5.210000000000075 0.014196227118099378 -4.989231873468725e-06
5.220000000000078 0.01420116084911869 -2.6435212513217093e-06
5.230000000000081 0.014221581670941329 -3.988470932555013e-06
5.240000000000085 0.014215225130667105 -3.5493458615445256e-06
5.250000000000088 0.01420576759245564 3.979174186529225e-06
5.260000000000091 0.014210340599826078 -1.5489577084339123e-07
5.270000000000095 0.014187802967055812 -4.742504444425755e-06
5.280000000000098 0.014171114189817785 6.305437511722883e-06
5.290000000000101 0.014185033798216699 -3.1139669139507165e-06
5.300000000000105 0.014171981148789327 -1.962281561506199e-06
5.310000000000108 0.014185586838763352 5.200426627939916e-06
5.320000000000111 0.014206315043451878 4.079018908996479e-07
5.330000000000115 0.014198481091609262 -3.007546353244947e-06
5.340000000000118 0.014211477145787422 9.263094808906192e-07
5.350000000000121 0.014213919319987731 9.753932307954294e-07
5.360000000000125 0.014200564292975747 -2.780419363947184e-06
5.370000000000128 0.014205459755457023 1.641920384865686e-06
5.380000000000131 0.014206403894592058 -5.096779453057226e-06
5.390000000000135 0.014192412887257195 -2.7887241785574945e-06
5.400000000000138 0.014198095156323852 1.4711746555186311e-07
5.410000000000141 0.014194085030421948 -6.815664084693779e-06
5.420000000000145 0.014176476747474768 -1.377854544317575e-06
5.430000000000148 0.014187451675608795 -6.428013353196316e-08
5.440000000000151 0.01418532104807811 -3.744029865500667e-06
5.450000000000155 0.014182514792764462 2.4848558456726233e-06
5.460000000000158 0.014213333027626016 -3.959000016514128e-06
5.470000000000161 0.014213172971728359 -2.9798779341491666e-06
5.480000000000165 0.014209195151791134 3.2179303283697003e-06
5.490000000000168 0.014221773869295854 2.0026461366017684e-06
5.500000000000171 0.014202059601317017 1.773008035220111e-06
5.510000000000175 0.01419003043255333 4.259801516560968e-06
5.520000000000178 0.014190850155246487 9.310423128346818e-07
5.530000000000181 0.01417667650387909 -6.758048053990412e-06
5.540000000000185 0.014179506626239088 4.48794383342728e-06
5.550000000000188 0.014196788285006832 -2.4750910969390666e-06
5.5600000000001915 0.014193923091996121 -2.7704467393321885e-06
5.570000000000195 0.014204050565836285 1.83570043119953e-06
5.580000000000198 0.01421780766469352 -7.877378268459842e-06
5.5900000000002015 0.014201969905538408 -4.558908462614156e-06
5.600000000000205 0.014202326902507993 4.242893743901591e-06
5.610000000000208 0.014212652126593856 -1.5896665916774466e-06
5.6200000000002115 0.014195657549526043 -1.3828682667825498e-06
5.630000000000215 0.014201976132416179 5.564103800200643e-06
5.640000000000218 0.014201870857096616 -3.4652266657046737e-06
5.6500000000002215 0.014178642018240114 4.021370070170574e-06
5.660000000000225 0.01419026508520952 3.378775574217757e-06
5.670000000000228 0.014179905814601388 4.981681248968084e-06
5.6800000000002315 0.014176292660432445 3.3880902233773824e-06
5.690000000000235 0.014200961296881157 -3.156079200400397e-06
5.700000000000238 0.014203547663828742 1.1100921217047088e-06
5.7100000000002415 0.01421015532720958 -4.460906461705577e-07
5.720000000000245 0.014226824492404828 2.97178436805233e-06
5.730000000000248 0.01421931375937262 -4.340021284545553e-06
5.740000000000252 0.014200889945945538 3.5919776387449698e-06
5.750000000000255 0.01420442514601448 1.1524822623749237e-06
5.760000000000258 0.01418275750532916 -3.5853485868004437e-06
5.770000000000262 0.014175665377826897 2.6036226215830904e-06
5.780000000000265 0.014192152329992446 -2.016562867197813e-06
5.790000000000268 0.014180381345262096 -9.68836081485791e-07
5.800000000000272 0.014191288578254493 2.97591087034324e-06
5.810000000000275 0.014207045520232296 -1.4934799346007221e-07
5.820000000000278 0.01419638986510231 -1.5364870590769963e-06
5.830000000000282 0.014202699846148463 9.135882223669511e-06
5.840000000000285 0.014211246231226113 -1.9538247257831765e-06
5.850000000000288 0.014197999403607466 2.9640088663324127e-07
5.860000000000292 0.014207694184848789 9.270581250043347e-06
5.870000000000295 0.014209526081806678 -8.13909431613899e-07
5.880000000000298 0.014192798224694112 9.309576957522436e-07
5.890000000000302 0.014195728071698424 3.857266288717978e-06
5.900000000000305 0.014188343917532112 -2.045732124457411e-06
5.910000000000308 0.01417233593626696 -7.06874272959207e-07
5.920000000000312 0.014184556294470553 1.747216066832688e-06
5.930000000000315 0.014194574325584691 -6.492499519020201e-06
5.940000000000318 0.014193802075894523 -2.519532175849701e-06
5.950000000000322 0.01421751144940407 -3.4407130605935976e-07
5.960000000000325 0.014216292216390833 -3.7869288714315746e-06
5.970000000000328 0.014207181278835003 3.9828712199031086e-06
5.980000000000332 0.01421517320999605 1.3512147938807284e-06
5.990000000000335 0.014189028655380487 7.948242138414163e-08
6.000000000000338 0.014179201237827467 5.605737054667839e-06
6.010000000000342 0.014189428528899697 -9.901268194917323e-07
6.020000000000345 0.01417589821359358 2.179245183810477e-06
6.030000000000348 0.014182312254905672 5.804853138306407e-06
6.040000000000352 0.014200544854179861 -3.396759133977162e-06
6.050000000000355 0.014192463789072622 -1.4159082954694896e-06
6.060000000000358 0.014195925673186092 4.156504107325279e-06
6.070000000000362 0.014209946617221136 -2.349622327271761e-06
6.080000000000365 0.014198925553034607 -3.046306634809162e-06
6.0900000000003685 0.014207201408434384 3.388601767182961e-06
6.100000000000372 0.01421642997359395 -6.1995572978087304e-06
6.110000000000375 0.014196569926167605 -1.45121668741581e-06
6.1200000000003785 0.014203777254850348 1.654386250823231e-06
6.130000000000382 0.014196520613929797 -5.467325542433607e-06
6.140000000000385 0.014170698593439994 3.398360056717023e-06
6.1500000000003885 0.014179330649463721 1.7587439134231914e-06
6.160000000000392 0.01417884823027128 -4.112948134141203e-06
6.170000000000395 0.014176776698562241 -1.0274969224413621e-07
6.1800000000003985 0.014201532370008816 4.219885167657672e-06
6.190000000000402 0.014210042687219688 -1.8868433251089528e-06
6.200000000000405 0.014207860515266393 1.998442343234541e-06
6.2100000000004085 0.01422153024887452 2.96581551908863e-06
6.220000000000412 0.014204890771982708 3.361378280140187e-06
6.230000000000415 0.014192852443381107 1.722151929790805e-06
6.2400000000004185 0.014200275187603872 -3.1734868499739416e-06
6.250000000000422 0.014180479628295493 1.3883336195206347e-06
6.260000000000425 0.014181736593892111 -1.768283784094396e-06
6.270000000000429 0.014195176639385408 -1.8964321907809223e-07
6.280000000000432 0.014186091892964577 -4.675994729244279e-06
6.290000000000435 0.014193077625785989 1.6002073690603302e-07
6.300000000000439 0.014203654706352032 -2.29382267322685e-06
6.310000000000442 0.014190466195708889 -5.610807612044591e-06
6.320000000000445 0.014201323450231763 5.318976041309223e-06
6.330000000000449 0.014213307779624242 -3.3067250328408515e-06
6.340000000000452 0.014201790295612355 1.4916147027480703e-06
6.350000000000455 0.014209910463474274 4.104328692270884e-06
6.360000000000459 0.014207885288129897 -2.6165021719606885e-06
6.370000000000462 0.01418636636765166 2.8339338962370814e-06
6.380000000000465 0.014182499640904714 8.02976447079537e-06
6.390000000000469 0.014181916928823259 -1.3812744920158743e-06
6.400000000000472 0.01417119079825181 3.9403587821437713e-07
6.410000000000475 0.014190898623891564 4.581009776136527e-06
6.420000000000479 0.014203469829981082 -8.300187857881308e-06
6.430000000000482 0.014201525741167167 -1.7713307013007829e-07
6.440000000000485 0.01422633543090704 4.52559226005525e-07
6.450000000000489 0.01421616958216454 -3.9879221147513105e-06
6.460000000000492 0.014203305951380182 5.482247684394925e-07
6.470000000000495 0.014208502048190887 -6.97975590885011e-07
6.480000000000499 0.014191934552326778 -4.8375867884743046e-06
6.490000000000502 0.014184124570958941 5.925531040562593e-07
6.500000000000505 0.014191475951437143 1.3792105701734142e-06
6.510000000000509 0.014184491719378921 -2.45434290055066e-06
6.520000000000512 0.01418426598573877 4.459534628466558e-06
6.530000000000515 0.014198469575395134 -5.468591450438764e-07
6.540000000000519 0.014186900645631793 1.2784920016030432e-06
6.550000000000522 0.014195587811362983 1.690075401218627e-06
6.560000000000525 0.014212086061182138 -3.002064444396213e-06
6.570000000000529 0.014199027123040203 4.3902321346118295e-06
6.580000000000532 0.014214613658012179 2.9499032451994756e-06
6.590000000000535 0.01422430443648954 -4.90131014430073e-06
6.600000000000539 0.014200441393081015 -1.3719465379279094e-06
6.610000000000542 0.014199053168771063 4.701324566336665e-06
6.6200000000005454 0.014190746657484243 -4.24932644579358e-06
6.630000000000549 0.014169156359241966 -1.5688463947064607e-06
6.640000000000552 0.014182958959814222 2.529103112571679e-06
6.6500000000005555 0.014189061430053145 -8.792508365444013e-06
6.660000000000559 0.014187936623597701 -1.6595493449872434e-06
6.670000000000562 0.014212068802294312 -4.363960432324232e-07
6.6800000000005655 0.014213285718217776 -5.091208059519736e-06
6.690000000000569 0.014204078044490477 6.552054091189807e-06
6.700000000000572 0.014214756233349297 7.8394994111608e-07
6.7100000000005755 0.01420103708300993 -2.3994422997178355e-06
6.720000000000579 0.014186712105592648 4.471531382015462e-06
6.730000000000582 0.014197507270227862 3.7136118683396557e-06
6.7400000000005855 0.014184969512489324 1.5065910010450545e-06
6.750000000000589 0.014185161731530027 7.451463539340925e-07
6.760000000000592 0.014199159792965245 2.1985524351429003e-06
6.7700000000005955 0.014182762542306293 -3.142303207300662e-06
6.780000000000599 0.014189036313499699 -7.142533696401221e-07
6.790000000000602 0.014201826313187005 -1.7545035446899643e-06
6.800000000000606 0.014194006129657455 -1.6066583570072818e-06
6.810000000000609 0.014211191393311772 -1.4177946999014562e-06
6.820000000000612 0.014218533584615185 -4.853157986152781e-06
6.830000000000616 0.014207432936812927 -2.1325237477363285e-06
6.840000000000619 0.014208058968675837 3.500965937904346e-06
6.850000000000622 0.01419927063625597 -1.0474139924658565e-06
6.860000000000626 0.014175086594841697 1.2479695882718772e-06
6.870000000000629 0.014176547037492862 7.074254992406673e-06
6.880000000000632 0.014181276131168557 -6.538463105774592e-06
6.890000000000636 0.01416964114912718 5.01209482262413e-06
6.900000000000639 0.014198142115836952 1.215180373973293e-06
6.910000000000642 0.01420707364226975 -4.1272531874046725e-06
6.920000000000646 0.014200408192729953 7.2690425044225765e-06
6.930000000000649 0.01421766079282787 2.5263973936952983e-06
6.940000000000652 0.014209260830554803 -2.5954520010106064e-06
6.950000000000656 0.01419970849698145 -9.642359793688576e-07
6.960000000000659 0.01420438731415232 3.499709045404545e-06
6.970000000000662 0.014193332735759248 -5.4158524301854e-06
6.980000000000666 0.01418641047635576 2.852960502123386e-06
6.990000000000669 0.014198726319859377 -1.107230301047521e-06
7.000000000000672 0.014185076107189177 -5.329865887632526e-06
7.010000000000676 0.014181674605247566 5.755745788316169e-07
7.020000000000679 0.014194210753944341 -5.16430350221489e-06
7.030000000000682 0.014182547832143129 6.487128112221685e-07
7.040000000000686 0.014193246889096758 3.0996417244109203e-06
7.050000000000689 0.014213788648130006 1.5621218624941452e-06
7.060000000000692 0.014209425703916593 -2.9875159978584587e-06
7.070000000000696 0.014216391641072126 8.470744949813647e-07
7.080000000000699 0.014215490622805844 2.008564579139907e-06
7.090000000000702 0.01418694653732946 5.884627147050708e-06
7.100000000000706 0.014192203411648023 3.285294649230802e-06
7.110000000000709 0.014185596529169661 -1.936286055451153e-06
7.120000000000712 0.014170813247909366 -1.4641647469969266e-07
7.130000000000716 0.014191793530077412 -3.7379447812273953e-06
7.140000000000719 0.014195596723690128 -5.333203193538111e-06
7.1500000000007224 0.014196761549320591 1.8315176192156002e-07
7.160000000000726 0.014214765706968478 2.8361368141129745e-06
7.170000000000729 0.014216305049380705 -1.0031735379662302e-05
7.1800000000007325 0.01420207621997527 -1.6695105184080794e-06
7.190000000000736 0.014210823655438973 1.251081538526655e-06
7.200000000000739 0.01420205895266314 -6.11463212964701e-06
7.2100000000007425 0.014188723478682904 4.297952953553202e-06
7.220000000000746 0.014205132464439812 8.025610191576132e-07
7.230000000000749 0.01419008461406553 -4.051329157536004e-06
7.2400000000007525 0.014182024867870683 4.632921713421806e-06
7.250000000000756 0.014193216029703516 -1.191223835250027e-07
7.260000000000759 0.014178876000943091 -8.922953410837875e-07
7.2700000000007625 0.014188931885815674 4.282968630326539e-06
7.280000000000766 0.014205959372355735 -5.779312529426844e-07
7.290000000000769 0.014203854970891185 -3.903805718423817e-06
7.3000000000007725 0.014220427024957896 -1.2869852529413806e-06
7.310000000000776 0.014226205043668248 3.2785568553420075e-07
7.320000000000779 0.01420925988129782 -4.3907611418925185e-06
7.330000000000783 0.014204376781308365 1.5187563356597322e-06
7.340000000000786 0.014196754646662963 -3.024693936313702e-06
7.350000000000789 0.014174619058524128 -1.5542341070210602e-06
7.360000000000793 0.01418159836780209 8.44248271771042e-07
7.370000000000796 0.014189109668088886 -7.80978229160921e-06
7.380000000000799 0.014182860469188508 1.520224527888983e-06
7.390000000000803 0.014203839688596651 1.803856778538615e-06
7.400000000000806 0.014206392307379835 -1.8046209690567722e-06
7.410000000000809 0.014198825755079471 3.4743795765575236e-06
7.420000000000813 0.014215677338893137 1.982566762384619e-06
7.430000000000816 0.014206362559058579 -4.989378912195405e-06
7.440000000000819 0.014192563533152505 1.0238471420493875e-05
7.450000000000823 0.014210850954758006 2.027570543478713e-06
7.460000000000826 0.014199099801686264 -3.500346458852957e-06
7.470000000000829 0.014188984164836922 8.242830486199226e-06
7.480000000000833 0.01419844996929427 -4.2161166269923805e-06
7.490000000000836 0.014180970746459756 -1.7572962457499536e-06
7.500000000000839 0.014178065315591086 2.5150049824812504e-06
7.510000000000843 0.014192218064127864 2.215621582766017e-06
7.520000000000846 0.014193203405637296 -5.373598909046845e-06
7.530000000000849 0.014205100031971367 -2.4739080938893793e-06
7.540000000000853 0.014224100822224727 -3.5300082684933815e-06
7.550000000000856 0.014206916723878004 2.1932309299081687e-07
7.560000000000859 0.014209394397226833 7.528007210171397e-06
7.570000000000863 0.014208280271554302 8.603301648747036e-07
7.580000000000866 0.014179075329088927 4.476520577645013e-06
7.590000000000869 0.014185390272502481 1.2047225633991798e-06
7.600000000000873 0.014179054867755956 2.4767470555592946e-06
7.610000000000876 0.014172277153113635 3.5303897358857778e-06
7.620000000000879 0.014193086910590015 5.838922688424994e-06
7.630000000000883 0.014198841325997453 2.2480098237354085e-06
7.640000000000886 0.014196188478878418 -1.0624545154491738e-06
7.650000000000889 0.014211072514795432 -2.9563841092740406e-07
7.660000000000893 0.014206156809753253 -1.4795353194870658e-06
7.670000000000896 0.014196425829098584 5.142206186276033e-06
7.680000000000899 0.014213730084488034 -1.0623045100313644e-06
7.690000000000903 0.014203586642497339 -3.368792822469255e-06
7.700000000000906 0.014194627657014774 2.457987361125999e-06
7.7100000000009095 0.014202140010227463 5.2096455458588986e-08
7.720000000000913 0.014183105820554076 -4.48957526087701e-06
7.730000000000916 0.014173789246822763 5.613283412289963e-06
7.7400000000009195 0.014185009427005905 2.613382942020376e-06
7.750000000000923 0.014176513424159593 -4.728248217492417e-06
7.760000000000926 0.014185801104033256 5.469458202784008e-06
7.7700000000009295 0.014211516925671845 -1.0335402424073437e-06
7.780000000000933 0.014207724209599419 -1.6814289187875447e-06
7.790000000000936 0.014214529488596778 6.810177036917567e-06
7.8000000000009395 0.014218229658531274 9.322102642265323e-07
7.810000000000943 0.01419759045165139 1.3473377319540153e-06
7.820000000000946 0.014193903262128847 4.9806888953660144e-06
7.8300000000009495 0.014190051086038 -1.2464614348537545e-06
7.840000000000953 0.014176629509561549 -4.048805675288189e-06
7.850000000000956 0.014188440129174534 -1.867431122466734e-06
7.8600000000009596 0.014192755656638498 -1.529053133945274e-06
7.870000000000963 0.014185959689169086 -2.8075172345768534e-06
7.880000000000966 0.014205363949216723 -6.992708721526714e-07
7.89000000000097 0.014205857218242298 -7.569882958732843e-06
7.900000000000973 0.014194251853529965 -1.5440842738283916e-06
7.910000000000976 0.014209247773505023 2.143003112875866e-06
7.92000000000098 0.014205265585385849 -3.9763786423303166e-06
7.930000000000983 0.01419984811213614 5.79336982374154e-06
7.940000000000986 0.014211420778507842 -9.653683784600214e-07
7.95000000000099 0.014195815345475343 -2.998066508040978e-06
7.960000000000993 0.014182278836714976 5.433107365766451e-06
7.970000000000996 0.01418855520049917 2.9549446725618544e-07
7.980000000001 0.014175933955370222 -5.178123322641809e-07
7.990000000001003 0.014176407297440548 4.5946751695610105e-06
8.000000000001005 0.014205390333384449 -7.775556128538849e-06
8.010000000001 0.014200483046712552 -6.395073198182943e-06
8.020000000000994 0.014209731412292793 5.270623088223306e-06
8.030000000000989 0.014229978018911703 -5.517487275384994e-06
8.040000000000983 0.014208057562734067 -2.6038372868270043e-06
8.050000000000978 0.014208356682148923 6.178809388440731e-08
8.060000000000972 0.0142021073446494 -3.3790099224929177e-06
8.070000000000967 0.014178966735479715 -4.118966146413744e-06
8.080000000000961 0.014186095529600254 1.691111107399168e-06
8.090000000000956 0.014188087992527484 8.103239574376586e-07
8.10000000000095 0.014181437343947556 -2.8511027633966457e-06
8.110000000000944 0.014195500526821642 2.199701773137469e-06
8.120000000000939 0.014197439145152448 -3.203851007388056e-06
8.130000000000933 0.014188835483999856 5.53549764551603e-06
8.140000000000928 0.0142076836909966 3.150073724823496e-06
8.150000000000922 0.01420627510262863 -7.278870067187887e-07
8.160000000000917 0.014203283175168516 1.3361210709546961e-06
8.170000000000911 0.014219426464526586 -1.1470639051970599e-07
8.180000000000906 0.014206659759030803 1.1619104454217016e-06
8.1900000000009 0.014195696493304873 2.8227785552753515e-07
8.200000000000895 0.014200916843529383 1.2365534187552124e-06
8.210000000000889 0.014179984046560208 -3.7336565334340766e-06
8.220000000000883 0.01417119227053006 3.422823580893908e-06
8.230000000000878 0.01418925513061484 -3.3835945552965208e-06
8.240000000000872 0.014184219063551872 -5.194501085988706e-06
8.250000000000867 0.014198913716025363 5.046372675749505e-06
8.260000000000861 0.014217765966533957 -4.3731034236570154e-06
8.270000000000856 0.01420761020279057 -2.692198701834819e-07
8.28000000000085 0.014210720919852895 7.944419495566069e-06
8.290000000000845 0.014210768901342614 5.022176765411696e-07
8.30000000000084 0.01418951307007619 1.4986488448640728e-06
8.310000000000834 0.014186812711571292 7.661702616781549e-06
8.320000000000828 0.014193648217715946 -1.5437095412448865e-06
8.330000000000823 0.014176484766990096 4.048363483865822e-06
8.340000000000817 0.014188629093953756 7.193884047670962e-06
8.350000000000811 0.014197462669784059 -2.0107859749051576e-06
8.360000000000806 0.014185682043955802 -7.214000343081645e-07
8.3700000000008 0.0142015941527145 -3.843468939553757e-07
8.380000000000795 0.014198440288790403 2.2982896648315876e-08
8.39000000000079 0.014198476916943068 -1.7247840385301028e-06
8.400000000000784 0.014216880329475686 7.279195698203095e-07
8.410000000000778 0.01421099905263052 -2.9655335444678937e-06
8.420000000000773 0.014203350057759032 -1.6336830334761493e-06
8.430000000000767 0.014206773696661911 1.192849988484665e-06
8.440000000000762 0.014187114117342787 -2.5450970631696324e-07
8.450000000000756 0.014171455918827592 7.686147735150306e-06
8.46000000000075 0.01418204476085855 5.490070319798951e-07
8.470000000000745 0.014174130852614026 -3.110417975850724e-06
8.48000000000074 0.014179956975189081 5.235395231700801e-06
8.490000000000734 0.014206989766502255 -1.837591418672041e-06
8.500000000000728 0.014202941456407336 1.09318670073362e-06
8.510000000000723 0.014211564879575153 3.723041934678567e-06
8.520000000000717 0.014222830146213833 -2.8841962065283278e-06
8.530000000000712 0.014198375682442445 1.6734761745882537e-06
8.540000000000706 0.014199812828570125 1.2066694102946807e-06
8.5500000000007 0.014202156636838941 -3.888824353320483e-06
8.560000000000695 0.014182039065661203 -2.8235271675881163e-06
8.57000000000069 0.014190776270359409 2.5524726534713327e-06
8.580000000000684 0.014193687033474078 -6.935681432829882e-06
8.590000000000678 0.014180408495344193 -4.233320698770679e-06
8.600000000000673 0.014192722408022775 3.187992144210519e-06
8.610000000000667 0.014194492485294571 -5.831415310991739e-06
8.620000000000662 0.014188279067303619 -3.7278490740335485e-06
8.630000000000656 0.014206034555340849 5.929929421145952e-07
8.64000000000065 0.014209663735737005 -7.408240412787315e-07
8.650000000000645 0.0142055608329637 1.1413366376653022e-07
8.66000000000064 0.014217575193884334 4.114396379990837e-06
8.670000000000634 0.014205232014358898 -3.1574938267331376e-06
8.680000000000629 0.01418661406650094 2.5173533168571655e-06
8.690000000000623 0.014190471614466913 2.3591645837255093e-06
8.700000000000617 0.01417277865674367 -2.7255055838684705e-06
8.710000000000612 0.01417763219179739 1.5226267727468795e-06
8.720000000000606 0.014199154160070566 -6.764179298872006e-06
8.7300000000006 0.01419328905703495 -5.076214032121579e-06
8.740000000000595 0.014208188988605236 -3.00624174832953e-06
8.75000000000059 0.014220590479708974 -2.8467499723090067e-06
8.760000000000584 0.014209034613914878 -4.911677832179079e-06
8.770000000000579 0.014204292368636184 3.665919364523665e-06
8.780000000000573 0.014209852377752467 -6.3715213726948244e-06
8.790000000000568 0.014190417179361653 -4.018262382507812e-06
8.800000000000562 0.014189259669992455 8.202096261502798e-06
8.810000000000556 0.014198749063389728 -6.655315581123242e-06
8.820000000000551 0.014178967110760535 4.2114804488964375e-06
8.830000000000545 0.0141916996051649 2.237007947419184e-06
8.84000000000054 0.014192461470495427 -3.979731284948704e-06
8.850000000000534 0.014179101854822776 3.4322952889853653e-06
8.860000000000529 0.014200761642605907 2.9437394036199716e-06
8.870000000000523 0.014208009616340904 -3.6054208495325812e-06
8.880000000000518 0.01420397935367093 1.406672856892402e-06
8.890000000000512 0.014224307867829545 1.0108286027220997e-06
8.900000000000507 0.014218378345650689 -5.705568229021074e-06
8.910000000000501 0.014202515822001582 2.2666943051835586e-06
8.920000000000496 0.014204047841331223 1.1557069597070008e-06
8.93000000000049 0.014182550053246895 -1.385951054054535e-06
8.940000000000484 0.014175481642841187 -2.963178890060675e-06
8.950000000000479 0.014185583052857387 -7.527904480730124e-07
8.960000000000473 0.014182335022371205 -1.457093181281982e-06
8.970000000000468 0.014191906508608887 3.4152489597830127e-07
8.980000000000462 0.014212824938050097 -1.9079481165286405e-07
8.990000000000457 0.014203304693212678 1.2836663171918866e-06
9.000000000000451 0.014205520561115436 7.5113857601234735e-06
9.010000000000446 0.014217426204761924 -1.185937639100812e-06
9.02000000000044 0.014194685928725635 2.336109386047447e-06
9.030000000000435 0.014200621591441162 6.05675204846251e-06
9.040000000000429 0.014203878272494043 -2.483308890223468e-07
9.050000000000423 0.01418455796959055 3.6302006900593153e-06
9.060000000000418 0.014196063304172815 3.0039358319654264e-06
9.070000000000412 0.014195006262436647 -3.439257219260694e-06
9.080000000000407 0.014178801673135963 1.1850298270114218e-06
9.090000000000401 0.01419073099310357 -7.030661053290116e-07
9.100000000000396 0.01419579220067749 -3.1525890776765847e-06
9.11000000000039 0.014193856138470972 1.9648259949774094e-07
9.120000000000385 0.01421534806354682 2.03513976582137e-06
9.13000000000038 0.01421942744838383 -5.590444641229847e-06
9.140000000000374 0.014208268797303197 -1.680121550926006e-06
9.150000000000368 0.01421282935351761 6.312307152058633e-06
9.160000000000363 0.01419308545883876 -7.871954182028101e-07
9.170000000000357 0.01417619055593617 6.483092803389809e-06
9.180000000000351 0.014186410916441355 4.051137369662228e-06
9.190000000000346 0.014175480705017101 -2.0062392482398522e-06
9.20000000000034 0.014180287058110648 1.0309346035446837e-06
9.210000000000335 0.014199119199005508 3.722350011956324e-06
9.22000000000033 0.01419918625054477 -1.071767545095248e-06
9.230000000000324 0.014205984671764151 4.0005158447060235e-06
9.240000000000318 0.014215707485391983 1.3721222443668912e-07
9.250000000000313 0.014203996633477607 -6.071568704489605e-06
9.260000000000307 0.0142047074771285 2.1029735728129995e-06
9.270000000000302 0.014209910139037213 -5.226198956265193e-06
9.280000000000296 0.014190712438252654 1.5940341297274174e-06
9.29000000000029 0.014197247306141936 4.007421236084524e-07
9.300000000000285 0.014198095236454124 -4.771316392166575e-06
9.31000000000028 0.014176541649089885 -3.639643564833095e-07
9.320000000000274 0.014182032249983302 2.2225418392137625e-06
9.330000000000268 0.014188042961269114 -4.428873877256045e-06
9.340000000000263 0.014177438796085675 1.144414851978956e-06
9.350000000000257 0.014199105636810738 7.092941369026343e-06
9.360000000000252 0.014213280500150383 -7.90065796382397e-06
9.370000000000246 0.01420633319551536 3.940096747258662e-06
9.38000000000024 0.014224101328561188 7.892819255724687e-07
9.390000000000235 0.014208802363533016 -7.165347030036601e-07
9.40000000000023 0.01418988040405837 6.670427942971277e-06
9.410000000000224 0.01452750879751111 -1.3427414929049336e-06
9.420000000000218 0.014512324932242786 -3.2516199100166704e-06
9.430000000000213 0.014508897381758928 -3.54041062314292e-07
9.440000000000207 0.014527486417242906 -2.020006320531051e-06
9.450000000000202 0.014524921691300355 -8.258432750551242e-06
9.460000000000196 0.014528210763494118 1.8504800956397477e-06
9.47000000000019 0.014547306985191624 -1.506689189904875e-06
9.480000000000185 0.014532621694857823 -4.984723272373828e-06
9.49000000000018 0.014538660537572426 -1.381432847382888e-06
9.500000000000174 0.014544028254418556 -5.214417670672267e-07
9.510000000000169 0.014525377117923831 1.7402047413021121e-06
9.520000000000163 0.014534738592319163 4.016132425954666e-06
9.530000000000157 0.014535246740181158 7.933907934729034e-07
9.540000000000152 0.014517577037185746 1.139993158491906e-06
9.550000000000146 0.01452003061871415 4.91420572102351e-06
9.56000000000014 0.014517921990207383 -2.875278689728686e-06
9.570000000000135 0.014505288620899616 4.547110527048162e-06
9.58000000000013 0.014528160852053927 2.310032748175858e-06
9.590000000000124 0.014538989962477482 -6.702882889094222e-06
9.600000000000119 0.014535844964982324 2.0976076007921118e-07
9.610000000000113 0.01456014583838992 -3.1547913894088703e-06
9.620000000000108 0.01455243387771805 -3.0609359657381152e-06
9.630000000000102 0.014533993481436544 4.355475613447221e-06
9.640000000000096 0.014540424968102459 4.685089539848558e-07
9.650000000000091 0.014521244288592078 -3.98472407685431e-06
9.660000000000085 0.014508330519365596 7.37379683807618e-07
9.67000000000008 0.014520074812629092 1.1879675874786055e-06
9.680000000000074 0.014513298027570452 -3.364366136680494e-06
9.690000000000069 0.014520857573931992 5.212034872505156e-06
9.700000000000063 0.014537747257164274 3.6510310617871716e-06
9.710000000000058 0.014529203177299542 -3.4272191184805956e-06
9.720000000000052 0.014535283754316819 5.447779696359997e-06
9.730000000000047 0.014545775783223915 -1.2522082277338642e-07
9.740000000000041 0.014533937637629061 1.831177547912885e-06
9.750000000000036 0.014539102034041674 7.147017216822468e-06
9.76000000000003 0.014547117309235625 -1.0432564002734596e-06
9.770000000000024 0.01453088122449411 -1.2863116663677093e-06
9.780000000000019 0.014528831174448658 1.4563480535099982e-06
9.790000000000013 0.014526077404724504 -1.6096159462866688e-06
9.800000000000008 0.01450619544349613 -2.434522118602636e-06
9.810000000000002 0.014516879547567247 1.8192746637866325e-06
9.819999999999997 0.014523427952783656 -3.620842765643048e-06
9.829999999999991 0.014520631291068052 2.1585767865164862e-07
9.839999999999986 0.014550831317683137 -4.078980377004646e-06
9.84999999999998 0.014550343234567513 -4.2820516897700694e-06
9.859999999999975 0.014538406505609665 8.005598246806425e-06
